0.000000	0.303346	0.269515	0.272144	0.269630	0.262178	0.287112	0.274277	0.268176	0.144825	0.136872	0.137615	0.258008	0.269925	0.276751	0.284657	0.287656	0.281035	0.280622	0.276271	0.279032	0.288278	0.296496	0.278974	0.278146	0.295096	0.292183	0.292568	0.280587	0.290990	0.285660	0.279451	0.287449	0.291363	0.294228	0.288488	0.296737	0.280975	0.300732	0.296549	0.279734	0.273967	0.277613	0.282617	0.281490	0.287826	0.273126	
0.303346	0.000000	0.303709	0.289323	0.293266	0.290993	0.304331	0.297066	0.301338	0.302653	0.297117	0.301700	0.295872	0.291799	0.295995	0.303414	0.300072	0.297679	0.299750	0.293755	0.300131	0.297788	0.303612	0.300505	0.296096	0.303879	0.298911	0.309528	0.308579	0.308876	0.305658	0.311106	0.318414	0.321344	0.321198	0.320013	0.324163	0.320152	0.325298	0.316108	0.317382	0.295465	0.293510	0.296194	0.293172	0.296939	0.295332	
0.269515	0.303709	0.000000	0.273829	0.275677	0.273631	0.142068	0.139366	0.137479	0.273712	0.266994	0.271860	0.274992	0.274902	0.270910	0.296867	0.288674	0.284003	0.283855	0.282576	0.280905	0.279746	0.290971	0.279296	0.288773	0.297336	0.293108	0.288297	0.283302	0.292100	0.283938	0.286691	0.285622	0.291146	0.300725	0.286241	0.297781	0.290884	0.296595	0.290401	0.288157	0.284601	0.282193	0.283619	0.284964	0.283882	0.284044	
0.272144	0.289323	0.273829	0.000000	0.129602	0.137970	0.273009	0.266598	0.277823	0.269140	0.266630	0.269753	0.257263	0.261712	0.261899	0.281208	0.278208	0.276243	0.276296	0.275596	0.272148	0.273142	0.272205	0.266367	0.273348	0.283559	0.275517	0.277822	0.274864	0.281193	0.273273	0.279314	0.279677	0.287524	0.295710	0.278937	0.293655	0.284722	0.294730	0.288748	0.283557	0.271960	0.270619	0.273719	0.274508	0.271262	0.271373	
0.269630	0.293266	0.275677	0.129602	0.000000	0.138910	0.278366	0.272284	0.276055	0.275886	0.266653	0.272115	0.264940	0.273747	0.266342	0.283236	0.279480	0.280988	0.273909	0.281425	0.279485	0.272635	0.275466	0.268877	0.275657	0.290833	0.280217	0.276881	0.277512	0.280911	0.271483	0.278563	0.277659	0.291624	0.302159	0.289159	0.299267	0.291142	0.300645	0.293710	0.291133	0.279286	0.275392	0.281138	0.279214	0.277815	0.275526	
0.262178	0.290993	0.273631	0.137970	0.138910	0.000000	0.270491	0.271270	0.268961	0.267386	0.257518	0.261750	0.257306	0.262949	0.262820	0.280778	0.282647	0.277417	0.272983	0.272396	0.268965	0.272270	0.273290	0.261255	0.273244	0.286028	0.277616	0.275040	0.274917	0.280791	0.273000	0.278765	0.278453	0.285585	0.291912	0.278793	0.284390	0.280841	0.287771	0.287080	0.283644	0.275186	0.270421	0.278661	0.271397	0.272309	0.268485	
0.287112	0.304331	0.142068	0.273009	0.278366	0.270491	0.000000	0.135307	0.138787	0.279978	0.273411	0.276560	0.273018	0.276141	0.268094	0.294130	0.290705	0.288802	0.283409	0.281014	0.280329	0.287082	0.294249	0.284576	0.285733	0.294610	0.289381	0.292283	0.288011	0.295392	0.284836	0.292898	0.286901	0.289677	0.296330	0.283147	0.295816	0.286921	0.293551	0.294276	0.289784	0.282318	0.279468	0.284240	0.286397	0.285637	0.282309	
0.274277	0.297066	0.139366	0.266598	0.272284	0.271270	0.135307	0.000000	0.134894	0.275072	0.272303	0.278624	0.276879	0.276096	0.272178	0.291253	0.291555	0.285237	0.282212	0.280586	0.276963	0.280714	0.285170	0.277824	0.281642	0.292977	0.289360	0.287248	0.280971	0.290510	0.281025	0.287809	0.285816	0.289387	0.293452	0.284042	0.296864	0.287440	0.296027	0.289293	0.290737	0.279402	0.276759	0.283124	0.279952	0.281465	0.281211	
0.268176	0.301338	0.137479	0.277823	0.276055	0.268961	0.138787	0.134894	0.000000	0.274629	0.271575	0.277759	0.265984	0.272590	0.267812	0.291741	0.286425	0.284887	0.284986	0.284452	0.283533	0.282424	0.288341	0.280537	0.284294	0.292927	0.287377	0.285228	0.282812	0.286303	0.279694	0.281173	0.282318	0.284906	0.294309	0.277204	0.292986	0.283188	0.290520	0.287417	0.287470	0.276287	0.273352	0.276470	0.279569	0.280589	0.281359	
0.144825	0.302653	0.273712	0.269140	0.275886	0.267386	0.279978	0.275072	0.274629	0.000000	0.131480	0.135358	0.265897	0.272455	0.268908	0.286094	0.288811	0.283863	0.282275	0.277890	0.277657	0.278405	0.278617	0.278459	0.284275	0.292583	0.287355	0.289895	0.288240	0.293276	0.283494	0.284158	0.282554	0.292776	0.293398	0.291437	0.301070	0.291234	0.295963	0.290938	0.289586	0.281396	0.279078	0.277732	0.268964	0.271692	0.271425	
0.136872	0.297117	0.266994	0.266630	0.266653	0.257518	0.273411	0.272303	0.271575	0.131480	0.000000	0.134990	0.263087	0.272667	0.267958	0.283527	0.282601	0.282270	0.280661	0.277273	0.272369	0.271219	0.280490	0.275017	0.281497	0.291266	0.281526	0.282919	0.285904	0.289829	0.278236	0.284256	0.283141	0.286581	0.293314	0.284684	0.301028	0.292295	0.295356	0.290357	0.285928	0.276970	0.270315	0.274239	0.271533	0.274474	0.273500	
0.137615	0.301700	0.271860	0.269753	0.272115	0.261750	0.276560	0.278624	0.277759	0.135358	0.134990	0.000000	0.261671	0.272924	0.269874	0.288393	0.287598	0.286334	0.285144	0.281807	0.273336	0.277738	0.280515	0.278669	0.285187	0.298810	0.290937	0.292756	0.292093	0.297619	0.285805	0.291749	0.289244	0.293124	0.298047	0.287717	0.303093	0.294113	0.296311	0.295019	0.291074	0.284049	0.277999	0.283050	0.271240	0.273332	0.274443	
0.258008	0.295872	0.274992	0.257263	0.264940	0.257306	0.273018	0.276879	0.265984	0.265897	0.263087	0.261671	0.000000	0.141148	0.137842	0.287707	0.292030	0.284130	0.279451	0.277587	0.282472	0.285568	0.287304	0.282186	0.284284	0.298110	0.295068	0.288210	0.286565	0.284095	0.285053	0.286047	0.291112	0.289662	0.292233	0.285179	0.296579	0.287109	0.292212	0.286208	0.290838	0.277725	0.275282	0.278156	0.281306	0.279186	0.278065	
0.269925	0.291799	0.274902	0.261712	0.273747	0.262949	0.276141	0.276096	0.272590	0.272455	0.272667	0.272924	0.141148	0.000000	0.139724	0.293667	0.292287	0.289549	0.281339	0.277968	0.281259	0.287258	0.285940	0.284261	0.289088	0.297077	0.296560	0.287627	0.285675	0.285282	0.281129	0.286036	0.290634	0.292748	0.294891	0.288118	0.297150	0.288600	0.295539	0.290208	0.291100	0.275884	0.278288	0.273404	0.282829	0.282851	0.279825	
0.276751	0.295995	0.270910	0.261899	0.266342	0.262820	0.268094	0.272178	0.267812	0.268908	0.267958	0.269874	0.137842	0.139724	0.000000	0.293319	0.290068	0.291113	0.277546	0.277381	0.277968	0.279875	0.282728	0.280267	0.289500	0.301328	0.298992	0.280243	0.277915	0.285651	0.280939	0.286538	0.288164	0.294244	0.295641	0.284015	0.297162	0.290787	0.296042	0.290405	0.289480	0.275069	0.273531	0.276423	0.276823	0.282575	0.277926	
0.284657	0.303414	0.296867	0.281208	0.283236	0.280778	0.294130	0.291253	0.291741	0.286094	0.283527	0.288393	0.287707	0.293667	0.293319	0.000000	0.146974	0.157160	0.295120	0.298449	0.297065	0.302736	0.299082	0.297918	0.184056	0.144230	0.148413	0.304993	0.302815	0.312291	0.306416	0.307259	0.311981	0.318459	0.314513	0.312883	0.317966	0.310512	0.322166	0.308287	0.308862	0.298717	0.298044	0.299274	0.293077	0.290915	0.292156	
0.287656	0.300072	0.288674	0.278208	0.279480	0.282647	0.290705	0.291555	0.286425	0.288811	0.282601	0.287598	0.292030	0.292287	0.290068	0.146974	0.000000	0.154405	0.295204	0.297253	0.294607	0.300616	0.299459	0.295150	0.178983	0.148375	0.141728	0.304790	0.305116	0.307888	0.304017	0.304344	0.307983	0.310806	0.313525	0.308328	0.316316	0.309451	0.313140	0.309279	0.310167	0.293833	0.296040	0.298510	0.286606	0.289361	0.289846	
0.281035	0.297679	0.284003	0.276243	0.280988	0.277417	0.288802	0.285237	0.284887	0.283863	0.282270	0.286334	0.284130	0.289549	0.291113	0.157160	0.154405	0.000000	0.284774	0.285479	0.285310	0.297675	0.296907	0.295979	0.188480	0.151945	0.152025	0.298790	0.301668	0.305878	0.299050	0.301616	0.304028	0.310268	0.314931	0.305821	0.312856	0.308480	0.310627	0.303610	0.306070	0.296039	0.294185	0.296528	0.283967	0.287083	0.283857	
0.280622	0.299750	0.283855	0.276296	0.273909	0.272983	0.283409	0.282212	0.284986	0.282275	0.280661	0.285144	0.279451	0.281339	0.277546	0.295120	0.295204	0.284774	0.000000	0.145325	0.146878	0.281895	0.285561	0.281205	0.296958	0.300650	0.291619	0.289303	0.286045	0.294404	0.287977	0.289150	0.291990	0.293053	0.297521	0.288695	0.295768	0.291211	0.298334	0.292067	0.288820	0.277865	0.276587	0.279530	0.273894	0.274110	0.273693	
0.276271	0.293755	0.282576	0.275596	0.281425	0.272396	0.281014	0.280586	0.284452	0.277890	0.277273	0.281807	0.277587	0.277968	0.277381	0.298449	0.297253	0.285479	0.145325	0.000000	0.144894	0.286564	0.286021	0.285284	0.291442	0.300840	0.299370	0.296563	0.288767	0.292942	0.290235	0.290362	0.295862	0.288089	0.292195	0.289960	0.293627	0.287819	0.300491	0.292227	0.291382	0.276892	0.273549	0.276235	0.267533	0.273412	0.268269	
0.279032	0.300131	0.280905	0.272148	0.279485	0.268965	0.280329	0.276963	0.283533	0.277657	0.272369	0.273336	0.282472	0.281259	0.277968	0.297065	0.294607	0.285310	0.146878	0.144894	0.000000	0.288161	0.290047	0.282348	0.292609	0.300545	0.295044	0.293765	0.291701	0.292081	0.288446	0.289180	0.293627	0.291292	0.292791	0.281192	0.293816	0.286914	0.298942	0.289981	0.288983	0.277585	0.272210	0.281261	0.272974	0.273830	0.275936	
0.288278	0.297788	0.279746	0.273142	0.272635	0.272270	0.287082	0.280714	0.282424	0.278405	0.271219	0.277738	0.285568	0.287258	0.279875	0.302736	0.300616	0.297675	0.281895	0.286564	0.288161	0.000000	0.135368	0.138669	0.290673	0.301492	0.299372	0.282892	0.279028	0.284445	0.279735	0.282148	0.281992	0.298082	0.301569	0.293197	0.305191	0.301416	0.307501	0.296883	0.301469	0.282441	0.285872	0.284190	0.284594	0.282311	0.288661	
0.296496	0.303612	0.290971	0.272205	0.275466	0.273290	0.294249	0.285170	0.288341	0.278617	0.280490	0.280515	0.287304	0.285940	0.282728	0.299082	0.299459	0.296907	0.285561	0.286021	0.290047	0.135368	0.000000	0.136764	0.295866	0.301393	0.298571	0.285041	0.280243	0.282126	0.278766	0.282527	0.281611	0.302232	0.305016	0.301516	0.309022	0.306177	0.310520	0.303635	0.302552	0.284448	0.289532	0.289502	0.285702	0.289886	0.293332	
0.278974	0.300505	0.279296	0.266367	0.268877	0.261255	0.284576	0.277824	0.280537	0.278459	0.275017	0.278669	0.282186	0.284261	0.280267	0.297918	0.295150	0.295979	0.281205	0.285284	0.282348	0.138669	0.136764	0.000000	0.285381	0.301711	0.291901	0.283344	0.279242	0.281720	0.277081	0.283510	0.279056	0.295917	0.292778	0.289477	0.299612	0.294323	0.298198	0.297490	0.291288	0.280259	0.282303	0.286199	0.286283	0.286413	0.288636	
0.278146	0.296096	0.288773	0.273348	0.275657	0.273244	0.285733	0.281642	0.284294	0.284275	0.281497	0.285187	0.284284	0.289088	0.289500	0.184056	0.178983	0.188480	0.296958	0.291442	0.292609	0.290673	0.295866	0.285381	0.000000	0.184870	0.179403	0.294677	0.297823	0.298206	0.299863	0.298009	0.298065	0.303751	0.308321	0.300461	0.312632	0.305798	0.306903	0.301870	0.304095	0.298771	0.285562	0.291877	0.250066	0.245226	0.253495	
0.295096	0.303879	0.297336	0.283559	0.290833	0.286028	0.294610	0.292977	0.292927	0.292583	0.291266	0.298810	0.298110	0.297077	0.301328	0.144230	0.148375	0.151945	0.300650	0.300840	0.300545	0.301492	0.301393	0.301711	0.184870	0.000000	0.146004	0.311319	0.307040	0.313988	0.304866	0.307962	0.314067	0.320595	0.320501	0.316059	0.320557	0.316730	0.323152	0.316250	0.317469	0.299734	0.305951	0.303593	0.293040	0.291079	0.293077	
0.292183	0.298911	0.293108	0.275517	0.280217	0.277616	0.289381	0.289360	0.287377	0.287355	0.281526	0.290937	0.295068	0.296560	0.298992	0.148413	0.141728	0.152025	0.291619	0.299370	0.295044	0.299372	0.298571	0.291901	0.179403	0.146004	0.000000	0.303900	0.306731	0.306986	0.304106	0.305443	0.303262	0.313626	0.316551	0.309791	0.318239	0.310170	0.314730	0.310442	0.308360	0.299880	0.291402	0.300737	0.290939	0.292158	0.290207	
0.292568	0.309528	0.288297	0.277822	0.276881	0.275040	0.292283	0.287248	0.285228	0.289895	0.282919	0.292756	0.288210	0.287627	0.280243	0.304993	0.304790	0.298790	0.289303	0.296563	0.293765	0.282892	0.285041	0.283344	0.294677	0.311319	0.303900	0.000000	0.147425	0.152788	0.145262	0.149900	0.157262	0.302677	0.308832	0.296574	0.303305	0.297155	0.307441	0.305031	0.300025	0.287579	0.279422	0.287314	0.283991	0.287621	0.287558	
0.280587	0.308579	0.283302	0.274864	0.277512	0.274917	0.288011	0.280971	0.282812	0.288240	0.285904	0.292093	0.286565	0.285675	0.277915	0.302815	0.305116	0.301668	0.286045	0.288767	0.291701	0.279028	0.280243	0.279242	0.297823	0.307040	0.306731	0.147425	0.000000	0.151084	0.143694	0.145955	0.154607	0.299951	0.302798	0.297452	0.307618	0.301073	0.305404	0.302954	0.304871	0.286990	0.286776	0.291786	0.283785	0.283514	0.284564	
0.290990	0.308876	0.292100	0.281193	0.280911	0.280791	0.295392	0.290510	0.286303	0.293276	0.289829	0.297619	0.284095	0.285282	0.285651	0.312291	0.307888	0.305878	0.294404	0.292942	0.292081	0.284445	0.282126	0.281720	0.298206	0.313988	0.306986	0.152788	0.151084	0.000000	0.151246	0.148097	0.157849	0.305697	0.310357	0.305726	0.307970	0.302007	0.309427	0.307927	0.304575	0.289016	0.290388	0.290005	0.284219	0.285780	0.285022	
0.285660	0.305658	0.283938	0.273273	0.271483	0.273000	0.284836	0.281025	0.279694	0.283494	0.278236	0.285805	0.285053	0.281129	0.280939	0.306416	0.304017	0.299050	0.287977	0.290235	0.288446	0.279735	0.278766	0.277081	0.299863	0.304866	0.304106	0.145262	0.143694	0.151246	0.000000	0.145152	0.153392	0.299405	0.303069	0.293860	0.303341	0.295284	0.302602	0.303023	0.301202	0.284318	0.284553	0.288434	0.284168	0.284511	0.288391	
0.279451	0.311106	0.286691	0.279314	0.278563	0.278765	0.292898	0.287809	0.281173	0.284158	0.284256	0.291749	0.286047	0.286036	0.286538	0.307259	0.304344	0.301616	0.289150	0.290362	0.289180	0.282148	0.282527	0.283510	0.298009	0.307962	0.305443	0.149900	0.145955	0.148097	0.145152	0.000000	0.157823	0.302307	0.305587	0.298525	0.307729	0.300838	0.308555	0.306638	0.307290	0.293311	0.285244	0.289399	0.287383	0.283203	0.285951	
0.287449	0.318414	0.285622	0.279677	0.277659	0.278453	0.286901	0.285816	0.282318	0.282554	0.283141	0.289244	0.291112	0.290634	0.288164	0.311981	0.307983	0.304028	0.291990	0.295862	0.293627	0.281992	0.281611	0.279056	0.298065	0.314067	0.303262	0.157262	0.154607	0.157849	0.153392	0.157823	0.000000	0.305157	0.312141	0.302843	0.309470	0.306111	0.312896	0.308941	0.310131	0.290901	0.287702	0.293611	0.284015	0.288755	0.285247	
0.291363	0.321344	0.291146	0.287524	0.291624	0.285585	0.289677	0.289387	0.284906	0.292776	0.286581	0.293124	0.289662	0.292748	0.294244	0.318459	0.310806	0.310268	0.293053	0.288089	0.291292	0.298082	0.302232	0.295917	0.303751	0.320595	0.313626	0.302677	0.299951	0.305697	0.299405	0.302307	0.305157	0.000000	0.151965	0.150966	0.156633	0.148825	0.155044	0.152788	0.160254	0.292366	0.291348	0.295316	0.294620	0.296929	0.298405	
0.294228	0.321198	0.300725	0.295710	0.302159	0.291912	0.296330	0.293452	0.294309	0.293398	0.293314	0.298047	0.292233	0.294891	0.295641	0.314513	0.313525	0.314931	0.297521	0.292195	0.292791	0.301569	0.305016	0.292778	0.308321	0.320501	0.316551	0.308832	0.302798	0.310357	0.303069	0.305587	0.312141	0.151965	0.000000	0.154859	0.154055	0.148090	0.150489	0.154022	0.162926	0.296942	0.294303	0.296067	0.299380	0.300071	0.301144	
0.288488	0.320013	0.286241	0.278937	0.289159	0.278793	0.283147	0.284042	0.277204	0.291437	0.284684	0.287717	0.285179	0.288118	0.284015	0.312883	0.308328	0.305821	0.288695	0.289960	0.281192	0.293197	0.301516	0.289477	0.300461	0.316059	0.309791	0.296574	0.297452	0.305726	0.293860	0.298525	0.302843	0.150966	0.154859	0.000000	0.153548	0.148202	0.154289	0.153772	0.159851	0.291778	0.291217	0.294789	0.292615	0.295624	0.292195	
0.296737	0.324163	0.297781	0.293655	0.299267	0.284390	0.295816	0.296864	0.292986	0.301070	0.301028	0.303093	0.296579	0.297150	0.297162	0.317966	0.316316	0.312856	0.295768	0.293627	0.293816	0.305191	0.309022	0.299612	0.312632	0.320557	0.318239	0.303305	0.307618	0.307970	0.303341	0.307729	0.309470	0.156633	0.154055	0.153548	0.000000	0.150335	0.152034	0.154306	0.159002	0.294468	0.298639	0.295971	0.296479	0.298394	0.304361	
0.280975	0.320152	0.290884	0.284722	0.291142	0.280841	0.286921	0.287440	0.283188	0.291234	0.292295	0.294113	0.287109	0.288600	0.290787	0.310512	0.309451	0.308480	0.291211	0.287819	0.286914	0.301416	0.306177	0.294323	0.305798	0.316730	0.310170	0.297155	0.301073	0.302007	0.295284	0.300838	0.306111	0.148825	0.148090	0.148202	0.150335	0.000000	0.147604	0.148438	0.159288	0.292561	0.293574	0.294870	0.294030	0.293119	0.294414	
0.300732	0.325298	0.296595	0.294730	0.300645	0.287771	0.293551	0.296027	0.290520	0.295963	0.295356	0.296311	0.292212	0.295539	0.296042	0.322166	0.313140	0.310627	0.298334	0.300491	0.298942	0.307501	0.310520	0.298198	0.306903	0.323152	0.314730	0.307441	0.305404	0.309427	0.302602	0.308555	0.312896	0.155044	0.150489	0.154289	0.152034	0.147604	0.000000	0.151052	0.161624	0.297185	0.294208	0.295954	0.302707	0.299510	0.302207	
0.296549	0.316108	0.290401	0.288748	0.293710	0.287080	0.294276	0.289293	0.287417	0.290938	0.290357	0.295019	0.286208	0.290208	0.290405	0.308287	0.309279	0.303610	0.292067	0.292227	0.289981	0.296883	0.303635	0.297490	0.301870	0.316250	0.310442	0.305031	0.302954	0.307927	0.303023	0.306638	0.308941	0.152788	0.154022	0.153772	0.154306	0.148438	0.151052	0.000000	0.152368	0.291854	0.288675	0.292123	0.296649	0.297784	0.299224	
0.279734	0.317382	0.288157	0.283557	0.291133	0.283644	0.289784	0.290737	0.287470	0.289586	0.285928	0.291074	0.290838	0.291100	0.289480	0.308862	0.310167	0.306070	0.288820	0.291382	0.288983	0.301469	0.302552	0.291288	0.304095	0.317469	0.308360	0.300025	0.304871	0.304575	0.301202	0.307290	0.310131	0.160254	0.162926	0.159851	0.159002	0.159288	0.161624	0.152368	0.000000	0.293185	0.290798	0.297360	0.300496	0.299653	0.300781	
0.273967	0.295465	0.284601	0.271960	0.279286	0.275186	0.282318	0.279402	0.276287	0.281396	0.276970	0.284049	0.277725	0.275884	0.275069	0.298717	0.293833	0.296039	0.277865	0.276892	0.277585	0.282441	0.284448	0.280259	0.298771	0.299734	0.299880	0.287579	0.286990	0.289016	0.284318	0.293311	0.290901	0.292366	0.296942	0.291778	0.294468	0.292561	0.297185	0.291854	0.293185	0.000000	0.137529	0.140275	0.278589	0.280234	0.272047	
0.277613	0.293510	0.282193	0.270619	0.275392	0.270421	0.279468	0.276759	0.273352	0.279078	0.270315	0.277999	0.275282	0.278288	0.273531	0.298044	0.296040	0.294185	0.276587	0.273549	0.272210	0.285872	0.289532	0.282303	0.285562	0.305951	0.291402	0.279422	0.286776	0.290388	0.284553	0.285244	0.287702	0.291348	0.294303	0.291217	0.298639	0.293574	0.294208	0.288675	0.290798	0.137529	0.000000	0.136205	0.276415	0.277733	0.273006	
0.282617	0.296194	0.283619	0.273719	0.281138	0.278661	0.284240	0.283124	0.276470	0.277732	0.274239	0.283050	0.278156	0.273404	0.276423	0.299274	0.298510	0.296528	0.279530	0.276235	0.281261	0.284190	0.289502	0.286199	0.291877	0.303593	0.300737	0.287314	0.291786	0.290005	0.288434	0.289399	0.293611	0.295316	0.296067	0.294789	0.295971	0.294870	0.295954	0.292123	0.297360	0.140275	0.136205	0.000000	0.276985	0.280141	0.276063	
0.281490	0.293172	0.284964	0.274508	0.279214	0.271397	0.286397	0.279952	0.279569	0.268964	0.271533	0.271240	0.281306	0.282829	0.276823	0.293077	0.286606	0.283967	0.273894	0.267533	0.272974	0.284594	0.285702	0.286283	0.250066	0.293040	0.290939	0.283991	0.283785	0.284219	0.284168	0.287383	0.284015	0.294620	0.299380	0.292615	0.296479	0.294030	0.302707	0.296649	0.300496	0.278589	0.276415	0.276985	0.000000	0.144415	0.148255	
0.287826	0.296939	0.283882	0.271262	0.277815	0.272309	0.285637	0.281465	0.280589	0.271692	0.274474	0.273332	0.279186	0.282851	0.282575	0.290915	0.289361	0.287083	0.274110	0.273412	0.273830	0.282311	0.289886	0.286413	0.245226	0.291079	0.292158	0.287621	0.283514	0.285780	0.284511	0.283203	0.288755	0.296929	0.300071	0.295624	0.298394	0.293119	0.299510	0.297784	0.299653	0.280234	0.277733	0.280141	0.144415	0.000000	0.147239	
0.273126	0.295332	0.284044	0.271373	0.275526	0.268485	0.282309	0.281211	0.281359	0.271425	0.273500	0.274443	0.278065	0.279825	0.277926	0.292156	0.289846	0.283857	0.273693	0.268269	0.275936	0.288661	0.293332	0.288636	0.253495	0.293077	0.290207	0.287558	0.284564	0.285022	0.288391	0.285951	0.285247	0.298405	0.301144	0.292195	0.304361	0.294414	0.302207	0.299224	0.300781	0.272047	0.273006	0.276063	0.148255	0.147239	0.000000	
