0.936978	0.409757	0.383936	-0.026142	-0.018227	-0.028263	-0.018503	-0.029497	-0.020147	0.006066	-0.000432	-0.016158	-0.047451	-0.044995	-0.050755	-0.024184	-0.042910	-0.041672	-0.032593	-0.016722	-0.020935	-0.044937	-0.046614	-0.042326	-0.043698	-0.053000	-0.051189	-0.058047	-0.050102	-0.047964	-0.081541	-0.093313	-0.089362	-0.096866	-0.092487	-0.092080	-0.086049	-0.079404	-0.036270	-0.022107	-0.030528	-0.028434	-0.021874	-0.024079	
0.409757	0.954365	0.369630	-0.018648	-0.022923	-0.024554	-0.019921	-0.036366	-0.009531	-0.012671	0.000842	-0.017606	-0.066473	-0.052021	-0.047122	-0.026965	-0.049788	-0.031220	-0.028794	-0.009685	-0.026718	-0.036781	-0.061874	-0.037115	-0.045406	-0.053825	-0.044963	-0.040405	-0.044213	-0.044479	-0.087911	-0.103374	-0.084416	-0.096312	-0.093407	-0.097129	-0.091329	-0.083525	-0.028963	-0.026095	-0.019126	-0.035820	-0.041901	-0.026693	
0.383936	0.369630	0.895297	-0.017905	-0.014304	-0.022932	-0.024192	-0.027985	-0.026758	-0.002597	0.008749	-0.001665	-0.046478	-0.044209	-0.046609	-0.023534	-0.033686	-0.020871	-0.015214	-0.028723	-0.018464	-0.042929	-0.051072	-0.049458	-0.057709	-0.058726	-0.058271	-0.064138	-0.057967	-0.058315	-0.080958	-0.091914	-0.069659	-0.075277	-0.081329	-0.082590	-0.087874	-0.072406	-0.025506	-0.023557	-0.033746	-0.017030	-0.023418	-0.022324	
-0.026142	-0.018648	-0.017905	0.967832	0.424595	0.437619	-0.038116	-0.022082	-0.016349	-0.027848	-0.008408	-0.017026	-0.063756	-0.049717	-0.058097	-0.055798	-0.037076	-0.025500	-0.042334	-0.034605	-0.037606	-0.043906	-0.054146	-0.074260	-0.080102	-0.064671	-0.077653	-0.064797	-0.058266	-0.054402	-0.059922	-0.071750	-0.061850	-0.075001	-0.066767	-0.061731	-0.083473	-0.073654	-0.040471	-0.036856	-0.024307	-0.045644	-0.031596	-0.043082	
-0.018227	-0.022923	-0.014304	0.424595	0.911698	0.431292	-0.032927	-0.020854	-0.018446	-0.010889	-0.016837	-0.026300	-0.049277	-0.053753	-0.050060	-0.026500	-0.024829	-0.026135	-0.033333	-0.038611	-0.035436	-0.059379	-0.046578	-0.050358	-0.062907	-0.063995	-0.075410	-0.065005	-0.061639	-0.065137	-0.068820	-0.071513	-0.075335	-0.081595	-0.068541	-0.073432	-0.071074	-0.079937	-0.042368	-0.033035	-0.025114	-0.037150	-0.017333	-0.036478	
-0.028263	-0.024554	-0.022932	0.437619	0.431292	0.981782	-0.028725	-0.020002	-0.014117	-0.008076	-0.007611	-0.019416	-0.072544	-0.057916	-0.062764	-0.043860	-0.038267	-0.030602	-0.049626	-0.043064	-0.046029	-0.069070	-0.066751	-0.063024	-0.065582	-0.070510	-0.072914	-0.051905	-0.058678	-0.056277	-0.070154	-0.074007	-0.069228	-0.076697	-0.063291	-0.067087	-0.083482	-0.075159	-0.033259	-0.022773	-0.028393	-0.038609	-0.037083	-0.030757	
-0.018503	-0.019921	-0.024192	-0.038116	-0.032927	-0.028725	1.001317	0.438523	0.421150	-0.007965	-0.015652	-0.008586	-0.053968	-0.057224	-0.060454	-0.022864	-0.026724	-0.039465	-0.025269	-0.021955	-0.022972	-0.059298	-0.062689	-0.068644	-0.066795	-0.071927	-0.064938	-0.075728	-0.066560	-0.058251	-0.084111	-0.091250	-0.087568	-0.097548	-0.100451	-0.088904	-0.099180	-0.089485	-0.037706	-0.028320	-0.029285	-0.005478	-0.015521	0.007292	
-0.029497	-0.036366	-0.027985	-0.022082	-0.020854	-0.020002	0.438523	0.976778	0.434410	-0.005645	-0.026184	-0.006033	-0.043901	-0.054484	-0.049919	-0.037110	-0.034906	-0.028947	-0.021912	-0.036166	-0.025621	-0.064978	-0.062168	-0.055316	-0.065680	-0.066353	-0.064962	-0.065513	-0.059035	-0.044171	-0.077471	-0.099780	-0.084812	-0.103063	-0.094762	-0.097388	-0.093969	-0.083736	-0.034726	-0.031005	-0.025164	-0.019760	-0.029946	-0.011958	
-0.020147	-0.009531	-0.026758	-0.016349	-0.018446	-0.014117	0.421150	0.434410	0.972045	0.003542	-0.025248	-0.000114	-0.058009	-0.050703	-0.050621	-0.020934	-0.024679	-0.032957	-0.040593	-0.042980	-0.026165	-0.058823	-0.056333	-0.058373	-0.067312	-0.084128	-0.078468	-0.085453	-0.083589	-0.061552	-0.073778	-0.093913	-0.075108	-0.093883	-0.093094	-0.084461	-0.074920	-0.079458	-0.043177	-0.023025	-0.026891	-0.018876	-0.012211	-0.017101	
0.006066	-0.012671	-0.002597	-0.027848	-0.010889	-0.008076	-0.007965	-0.005645	0.003542	1.003057	0.430796	0.427257	-0.075253	-0.082759	-0.070952	-0.017917	-0.026346	-0.039656	-0.039303	-0.050315	-0.050365	-0.053610	-0.080840	-0.061417	-0.072381	-0.075559	-0.067511	-0.071483	-0.055272	-0.068717	-0.083012	-0.081430	-0.087390	-0.079062	-0.079822	-0.076808	-0.087654	-0.080344	-0.021808	-0.032536	-0.045386	-0.027031	-0.022110	-0.033546	
-0.000432	0.000842	0.008749	-0.008408	-0.016837	-0.007611	-0.015652	-0.026184	-0.025248	0.430796	1.032048	0.431598	-0.056244	-0.074652	-0.064081	-0.028327	-0.020525	-0.029859	-0.034207	-0.047817	-0.056745	-0.047356	-0.069025	-0.052911	-0.066418	-0.059365	-0.061581	-0.057019	-0.051020	-0.062634	-0.087791	-0.083788	-0.087738	-0.087789	-0.085337	-0.091271	-0.079462	-0.086627	-0.022913	-0.049605	-0.036686	-0.035752	-0.043703	-0.020587	
-0.016158	-0.017606	-0.001665	-0.017026	-0.026300	-0.019416	-0.008586	-0.006033	-0.000114	0.427257	0.431598	1.014891	-0.073826	-0.077281	-0.066958	-0.011871	-0.004656	-0.026012	-0.024346	-0.040083	-0.035563	-0.080111	-0.073446	-0.063865	-0.049945	-0.050007	-0.059988	-0.055112	-0.065520	-0.064819	-0.083019	-0.082876	-0.072305	-0.086703	-0.087366	-0.088274	-0.079235	-0.087298	-0.012462	-0.029414	-0.020501	-0.044886	-0.043794	-0.040119	
-0.047451	-0.066473	-0.046478	-0.063756	-0.049277	-0.072544	-0.053968	-0.043901	-0.058009	-0.075253	-0.056244	-0.073826	1.071157	0.449977	0.409787	-0.065155	-0.069123	-0.087720	-0.080746	-0.061418	-0.063244	0.284942	0.450614	0.418791	-0.108283	-0.114321	-0.124808	-0.118724	-0.107487	-0.116077	-0.113686	-0.108644	-0.122424	-0.127083	-0.119111	-0.123108	-0.114074	-0.114307	-0.070195	-0.075042	-0.075122	-0.043340	-0.036145	-0.058051	
-0.044995	-0.052021	-0.044209	-0.049717	-0.053753	-0.057916	-0.057224	-0.054484	-0.050703	-0.082759	-0.074652	-0.077281	0.449977	1.102012	0.423873	-0.057511	-0.076040	-0.064310	-0.067011	-0.073944	-0.073750	0.306148	0.455526	0.453461	-0.111085	-0.108568	-0.108852	-0.096234	-0.108758	-0.114656	-0.122310	-0.123367	-0.118191	-0.130671	-0.120817	-0.121120	-0.119736	-0.126682	-0.073520	-0.076791	-0.073171	-0.044314	-0.048773	-0.060342	
-0.050755	-0.047122	-0.046609	-0.058097	-0.050060	-0.062764	-0.060454	-0.049919	-0.050621	-0.070952	-0.064081	-0.066958	0.409787	0.423873	1.071568	-0.040741	-0.046412	-0.044906	-0.071420	-0.071528	-0.070672	0.296864	0.415882	0.413969	-0.112550	-0.107161	-0.108057	-0.108715	-0.111413	-0.105973	-0.115989	-0.113490	-0.118409	-0.132287	-0.117211	-0.110515	-0.110829	-0.117726	-0.070590	-0.067234	-0.066414	-0.059783	-0.062668	-0.053543	
-0.024184	-0.026965	-0.023534	-0.055798	-0.026500	-0.043860	-0.022864	-0.037110	-0.020934	-0.017917	-0.028327	-0.011871	-0.065155	-0.057511	-0.040741	0.991949	0.429162	0.449600	-0.031102	-0.039985	-0.043245	-0.060160	-0.061732	-0.064032	-0.075815	-0.067270	-0.076680	-0.065804	-0.064712	-0.062260	-0.077777	-0.080858	-0.077125	-0.090147	-0.082916	-0.087991	-0.076973	-0.083885	-0.014394	-0.015710	-0.019971	-0.017232	-0.004354	-0.019475	
-0.042910	-0.049788	-0.033686	-0.037076	-0.024829	-0.038267	-0.026724	-0.034906	-0.024679	-0.026346	-0.020525	-0.004656	-0.069123	-0.076040	-0.046412	0.429162	1.031017	0.424450	-0.023602	-0.022703	-0.046377	-0.071326	-0.073421	-0.077141	-0.083693	-0.063846	-0.083226	-0.077853	-0.081088	-0.078027	-0.073497	-0.070006	-0.081186	-0.074715	-0.068332	-0.077246	-0.080430	-0.083558	-0.008781	-0.015963	-0.015301	0.005645	-0.020931	-0.018952	
-0.041672	-0.031220	-0.020871	-0.025500	-0.026135	-0.030602	-0.039465	-0.028947	-0.032957	-0.039656	-0.029859	-0.026012	-0.087720	-0.064310	-0.044906	0.449600	0.424450	1.055286	-0.037161	-0.047908	-0.047156	-0.057596	-0.072400	-0.079543	-0.077500	-0.072559	-0.071616	-0.074748	-0.081367	-0.073529	-0.079223	-0.082464	-0.072032	-0.071234	-0.075623	-0.095895	-0.080533	-0.079365	-0.019416	-0.016705	-0.015487	-0.002046	-0.019011	-0.007382	
-0.032593	-0.028794	-0.015214	-0.042334	-0.033333	-0.049626	-0.025269	-0.021912	-0.040593	-0.039303	-0.034207	-0.024346	-0.080746	-0.067011	-0.071420	-0.031102	-0.023602	-0.037161	1.026154	0.487315	0.464082	-0.065038	-0.072552	-0.063081	-0.049786	-0.037638	-0.050201	-0.041950	-0.043912	-0.045830	-0.100445	-0.094507	-0.075529	-0.086988	-0.079352	-0.088732	-0.089582	-0.083774	-0.022186	-0.045559	-0.036630	-0.038174	-0.044400	-0.035500	
-0.016722	-0.009685	-0.028723	-0.034605	-0.038611	-0.043064	-0.021955	-0.036166	-0.042980	-0.050315	-0.047817	-0.040083	-0.061418	-0.073944	-0.071528	-0.039985	-0.022703	-0.047908	0.487315	1.057397	0.482596	-0.071199	-0.078392	-0.068549	-0.057298	-0.034801	-0.043923	-0.050713	-0.031173	-0.027466	-0.094106	-0.087119	-0.076795	-0.083143	-0.082912	-0.090018	-0.095078	-0.084952	-0.034073	-0.048357	-0.031853	-0.046063	-0.042465	-0.049452	
-0.020935	-0.026718	-0.018464	-0.037606	-0.035436	-0.046029	-0.022972	-0.025621	-0.026165	-0.050365	-0.056745	-0.035563	-0.063244	-0.073750	-0.070672	-0.043245	-0.046377	-0.047156	0.464082	0.482596	1.038187	-0.067128	-0.078237	-0.057381	-0.046214	-0.038020	-0.040726	-0.040348	-0.052080	-0.033428	-0.094427	-0.087263	-0.087920	-0.089326	-0.088704	-0.096751	-0.098463	-0.084188	-0.035631	-0.043560	-0.040138	-0.036892	-0.037734	-0.033400	
-0.044937	-0.036781	-0.042929	-0.043906	-0.059379	-0.069070	-0.059298	-0.064978	-0.058823	-0.053610	-0.047356	-0.080111	0.284942	0.306148	0.296864	-0.060160	-0.071326	-0.057596	-0.065038	-0.071199	-0.067128	1.020789	0.300928	0.300620	-0.091474	-0.095854	-0.105577	-0.094141	-0.097746	-0.102170	-0.114198	-0.114411	-0.111374	-0.118904	-0.121534	-0.107789	-0.118475	-0.115510	-0.071378	-0.063002	-0.061968	0.060079	0.071801	0.051247	
-0.046614	-0.061874	-0.051072	-0.054146	-0.046578	-0.066751	-0.062689	-0.062168	-0.056333	-0.080840	-0.069025	-0.073446	0.450614	0.455526	0.415882	-0.061732	-0.073421	-0.072400	-0.072552	-0.078392	-0.078237	0.300928	1.110462	0.469831	-0.111469	-0.101399	-0.102777	-0.106297	-0.100363	-0.119015	-0.125965	-0.122369	-0.129646	-0.124512	-0.126930	-0.125351	-0.119919	-0.120019	-0.068439	-0.081606	-0.059767	-0.050802	-0.038107	-0.076381	
-0.042326	-0.037115	-0.049458	-0.074260	-0.050358	-0.063024	-0.068644	-0.055316	-0.058373	-0.061417	-0.052911	-0.063865	0.418791	0.453461	0.413969	-0.064032	-0.077141	-0.079543	-0.063081	-0.068549	-0.057381	0.300620	0.469831	1.107499	-0.103063	-0.111547	-0.098116	-0.091542	-0.099722	-0.104955	-0.139234	-0.125253	-0.133033	-0.144001	-0.133801	-0.133375	-0.127020	-0.125520	-0.085693	-0.077664	-0.064145	-0.054884	-0.062518	-0.056673	
-0.043698	-0.045406	-0.057709	-0.080102	-0.062907	-0.065582	-0.066795	-0.065680	-0.067312	-0.072381	-0.066418	-0.049945	-0.108283	-0.111085	-0.112550	-0.075815	-0.083693	-0.077500	-0.049786	-0.057298	-0.046214	-0.091474	-0.111469	-0.103063	0.997835	0.370357	0.374131	0.393068	0.385287	0.376781	-0.099672	-0.120168	-0.106542	-0.111915	-0.109753	-0.116340	-0.110193	-0.116697	-0.053505	-0.042694	-0.056519	-0.050746	-0.053231	-0.060728	
-0.053000	-0.053825	-0.058726	-0.064671	-0.063995	-0.070510	-0.071927	-0.066353	-0.084128	-0.075559	-0.059365	-0.050007	-0.114321	-0.108568	-0.107161	-0.067270	-0.063846	-0.072559	-0.037638	-0.034801	-0.038020	-0.095854	-0.101399	-0.111547	0.370357	1.003130	0.391260	0.392590	0.365811	0.383631	-0.101128	-0.105370	-0.111100	-0.108988	-0.113221	-0.112532	-0.108468	-0.111922	-0.057648	-0.066018	-0.067081	-0.063694	-0.060397	-0.079204	
-0.051189	-0.044963	-0.058271	-0.077653	-0.075410	-0.072914	-0.064938	-0.064962	-0.078468	-0.067511	-0.061581	-0.059988	-0.124808	-0.108852	-0.108057	-0.076680	-0.083226	-0.071616	-0.050201	-0.043923	-0.040726	-0.105577	-0.102777	-0.098116	0.374131	0.391260	1.042355	0.374462	0.396996	0.382333	-0.110642	-0.125439	-0.112706	-0.118764	-0.122838	-0.125523	-0.118421	-0.123941	-0.046825	-0.054012	-0.047824	-0.058987	-0.064836	-0.059842	
-0.058047	-0.040405	-0.064138	-0.064797	-0.065005	-0.051905	-0.075728	-0.065513	-0.085453	-0.071483	-0.057019	-0.055112	-0.118724	-0.096234	-0.108715	-0.065804	-0.077853	-0.074748	-0.041950	-0.050713	-0.040348	-0.094141	-0.106297	-0.091542	0.393068	0.392590	0.374462	0.992869	0.372608	0.362735	-0.103317	-0.118300	-0.110813	-0.109782	-0.114547	-0.115811	-0.119434	-0.112634	-0.044838	-0.055991	-0.058933	-0.053480	-0.051222	-0.065944	
-0.050102	-0.044213	-0.057967	-0.058266	-0.061639	-0.058678	-0.066560	-0.059035	-0.083589	-0.055272	-0.051020	-0.065520	-0.107487	-0.108758	-0.111413	-0.064712	-0.081088	-0.081367	-0.043912	-0.031173	-0.052080	-0.097746	-0.100363	-0.099722	0.385287	0.365811	0.396996	0.372608	1.022472	0.367747	-0.116251	-0.118520	-0.113695	-0.129553	-0.118557	-0.127396	-0.122402	-0.125831	-0.053951	-0.065602	-0.057321	-0.077055	-0.059641	-0.076054	
-0.047964	-0.044479	-0.058315	-0.054402	-0.065137	-0.056277	-0.058251	-0.044171	-0.061552	-0.068717	-0.062634	-0.064819	-0.116077	-0.114656	-0.105973	-0.062260	-0.078027	-0.073529	-0.045830	-0.027466	-0.033428	-0.102170	-0.119015	-0.104955	0.376781	0.383631	0.382333	0.362735	0.367747	1.042347	-0.110316	-0.119210	-0.105392	-0.123745	-0.116650	-0.134926	-0.118481	-0.125271	-0.062621	-0.072359	-0.075782	-0.068581	-0.057145	-0.066958	
-0.081541	-0.087911	-0.080958	-0.059922	-0.068820	-0.070154	-0.084111	-0.077471	-0.073778	-0.083012	-0.087791	-0.083019	-0.113686	-0.122310	-0.115989	-0.077777	-0.073497	-0.079223	-0.100445	-0.094106	-0.094427	-0.114198	-0.125965	-0.139234	-0.099672	-0.101128	-0.110642	-0.103317	-0.116251	-0.110316	0.930849	0.318971	0.288988	0.332558	0.324140	0.317072	0.312539	0.310631	-0.087994	-0.074627	-0.078031	-0.094721	-0.094478	-0.097706	
-0.093313	-0.103374	-0.091914	-0.071750	-0.071513	-0.074007	-0.091250	-0.099780	-0.093913	-0.081430	-0.083788	-0.082876	-0.108644	-0.123367	-0.113490	-0.080858	-0.070006	-0.082464	-0.094507	-0.087119	-0.087263	-0.114411	-0.122369	-0.125253	-0.120168	-0.105370	-0.125439	-0.118300	-0.118520	-0.119210	0.318971	0.941479	0.297927	0.340128	0.330135	0.363061	0.354899	0.321242	-0.089929	-0.076251	-0.089245	-0.089209	-0.083316	-0.100088	
-0.089362	-0.084416	-0.069659	-0.061850	-0.075335	-0.069228	-0.087568	-0.084812	-0.075108	-0.087390	-0.087738	-0.072305	-0.122424	-0.118191	-0.118409	-0.077125	-0.081186	-0.072032	-0.075529	-0.076795	-0.087920	-0.111374	-0.129646	-0.133033	-0.106542	-0.111100	-0.112706	-0.110813	-0.113695	-0.105392	0.288988	0.297927	0.927906	0.327934	0.312081	0.304008	0.300617	0.298161	-0.079813	-0.082886	-0.101358	-0.080910	-0.083584	-0.076509	
-0.096866	-0.096312	-0.075277	-0.075001	-0.081595	-0.076697	-0.097548	-0.103063	-0.093883	-0.079062	-0.087789	-0.086703	-0.127083	-0.130671	-0.132287	-0.090147	-0.074715	-0.071234	-0.086988	-0.083143	-0.089326	-0.118904	-0.124512	-0.144001	-0.111915	-0.108988	-0.118764	-0.109782	-0.129553	-0.123745	0.332558	0.340128	0.327934	0.973704	0.347684	0.354953	0.326713	0.343625	-0.094831	-0.092476	-0.094508	-0.086970	-0.086230	-0.094935	
-0.092487	-0.093407	-0.081329	-0.066767	-0.068541	-0.063291	-0.100451	-0.094762	-0.093094	-0.079822	-0.085337	-0.087366	-0.119111	-0.120817	-0.117211	-0.082916	-0.068332	-0.075623	-0.079352	-0.082912	-0.088704	-0.121534	-0.126930	-0.133801	-0.109753	-0.113221	-0.122838	-0.114547	-0.118557	-0.116650	0.324140	0.330135	0.312081	0.347684	0.931259	0.341374	0.357458	0.318869	-0.096436	-0.097011	-0.100975	-0.090659	-0.089352	-0.100793	
-0.092080	-0.097129	-0.082590	-0.061731	-0.073432	-0.067087	-0.088904	-0.097388	-0.084461	-0.076808	-0.091271	-0.088274	-0.123108	-0.121120	-0.110515	-0.087991	-0.077246	-0.095895	-0.088732	-0.090018	-0.096751	-0.107789	-0.125351	-0.133375	-0.116340	-0.112532	-0.125523	-0.115811	-0.127396	-0.134926	0.317072	0.363061	0.304008	0.354953	0.341374	0.939078	0.338941	0.334885	-0.084372	-0.079118	-0.095829	-0.095455	-0.089067	-0.085367	
-0.086049	-0.091329	-0.087874	-0.083473	-0.071074	-0.083482	-0.099180	-0.093969	-0.074920	-0.087654	-0.079462	-0.079235	-0.114074	-0.119736	-0.110829	-0.076973	-0.080430	-0.080533	-0.089582	-0.095078	-0.098463	-0.118475	-0.119919	-0.127020	-0.110193	-0.108468	-0.118421	-0.119434	-0.122402	-0.118481	0.312539	0.354899	0.300617	0.326713	0.357458	0.338941	0.940826	0.323539	-0.091465	-0.087307	-0.091255	-0.088206	-0.099447	-0.090610	
-0.079404	-0.083525	-0.072406	-0.073654	-0.079937	-0.075159	-0.089485	-0.083736	-0.079458	-0.080344	-0.086627	-0.087298	-0.114307	-0.126682	-0.117726	-0.083885	-0.083558	-0.079365	-0.083774	-0.084952	-0.084188	-0.115510	-0.120019	-0.125520	-0.116697	-0.111922	-0.123941	-0.112634	-0.125831	-0.125271	0.310631	0.321242	0.298161	0.343625	0.318869	0.334885	0.323539	0.940583	-0.095728	-0.086119	-0.084880	-0.081201	-0.087135	-0.080150	
-0.036270	-0.028963	-0.025506	-0.040471	-0.042368	-0.033259	-0.037706	-0.034726	-0.043177	-0.021808	-0.022913	-0.012462	-0.070195	-0.073520	-0.070590	-0.014394	-0.008781	-0.019416	-0.022186	-0.034073	-0.035631	-0.071378	-0.068439	-0.085693	-0.053505	-0.057648	-0.046825	-0.044838	-0.053951	-0.062621	-0.087994	-0.089929	-0.079813	-0.094831	-0.096436	-0.084372	-0.091465	-0.095728	1.041894	0.431696	0.465114	-0.025973	-0.032748	-0.027126	
-0.022107	-0.026095	-0.023557	-0.036856	-0.033035	-0.022773	-0.028320	-0.031005	-0.023025	-0.032536	-0.049605	-0.029414	-0.075042	-0.076791	-0.067234	-0.015710	-0.015963	-0.016705	-0.045559	-0.048357	-0.043560	-0.063002	-0.081606	-0.077664	-0.042694	-0.066018	-0.054012	-0.055991	-0.065602	-0.072359	-0.074627	-0.076251	-0.082886	-0.092476	-0.097011	-0.079118	-0.087307	-0.086119	0.431696	1.028977	0.469847	-0.024480	-0.029292	-0.020413	
-0.030528	-0.019126	-0.033746	-0.024307	-0.025114	-0.028393	-0.029285	-0.025164	-0.026891	-0.045386	-0.036686	-0.020501	-0.075122	-0.073171	-0.066414	-0.019971	-0.015301	-0.015487	-0.036630	-0.031853	-0.040138	-0.061968	-0.059767	-0.064145	-0.056519	-0.067081	-0.047824	-0.058933	-0.057321	-0.075782	-0.078031	-0.089245	-0.101358	-0.094508	-0.100975	-0.095829	-0.091255	-0.084880	0.465114	0.469847	1.018284	-0.023458	-0.027504	-0.020985	
-0.028434	-0.035820	-0.017030	-0.045644	-0.037150	-0.038609	-0.005478	-0.019760	-0.018876	-0.027031	-0.035752	-0.044886	-0.043340	-0.044314	-0.059783	-0.017232	0.005645	-0.002046	-0.038174	-0.046063	-0.036892	0.060079	-0.050802	-0.054884	-0.050746	-0.063694	-0.058987	-0.053480	-0.077055	-0.068581	-0.094721	-0.089209	-0.080910	-0.086970	-0.090659	-0.095455	-0.088206	-0.081201	-0.025973	-0.024480	-0.023458	0.981072	0.423122	0.423042	
-0.021874	-0.041901	-0.023418	-0.031596	-0.017333	-0.037083	-0.015521	-0.029946	-0.012211	-0.022110	-0.043703	-0.043794	-0.036145	-0.048773	-0.062668	-0.004354	-0.020931	-0.019011	-0.044400	-0.042465	-0.037734	0.071801	-0.038107	-0.062518	-0.053231	-0.060397	-0.064836	-0.051222	-0.059641	-0.057145	-0.094478	-0.083316	-0.083584	-0.086230	-0.089352	-0.089067	-0.099447	-0.087135	-0.032748	-0.029292	-0.027504	0.423122	1.000876	0.417385	
-0.024079	-0.026693	-0.022324	-0.043082	-0.036478	-0.030757	0.007292	-0.011958	-0.017101	-0.033546	-0.020587	-0.040119	-0.058051	-0.060342	-0.053543	-0.019475	-0.018952	-0.007382	-0.035500	-0.049452	-0.033400	0.051247	-0.076381	-0.056673	-0.060728	-0.079204	-0.059842	-0.065944	-0.076054	-0.066958	-0.097706	-0.100088	-0.076509	-0.094935	-0.100793	-0.085367	-0.090610	-0.080150	-0.027126	-0.020413	-0.020985	0.423042	0.417385	1.001828	
