0.000000	0.142147	0.143325	0.301227	0.300508	0.299188	0.295169	0.292184	0.294420	0.309877	0.303636	0.303706	0.306845	0.306355	0.303250	0.298951	0.296099	0.292237	0.296716	0.295472	0.297033	0.303517	0.305172	0.299176	
0.142147	0.000000	0.149240	0.301021	0.297900	0.294174	0.293821	0.287777	0.290579	0.306132	0.308347	0.303493	0.310447	0.305412	0.301252	0.300242	0.302317	0.296355	0.296393	0.295464	0.294336	0.298804	0.302365	0.297530	
0.143325	0.149240	0.000000	0.293765	0.293893	0.290928	0.289587	0.285896	0.287424	0.295228	0.296552	0.294139	0.297979	0.297416	0.293357	0.290168	0.296299	0.291260	0.292827	0.294112	0.294534	0.293683	0.295039	0.292247	
0.301227	0.301021	0.293765	0.000000	0.143866	0.150916	0.299454	0.298620	0.299234	0.319608	0.312130	0.312014	0.311466	0.319521	0.313840	0.311178	0.315090	0.310961	0.311047	0.311054	0.306738	0.305999	0.308734	0.305833	
0.300508	0.297900	0.293893	0.143866	0.000000	0.143553	0.302658	0.300901	0.302672	0.314861	0.311836	0.307604	0.308009	0.313320	0.309801	0.306391	0.313333	0.304027	0.308428	0.305801	0.302683	0.305040	0.304405	0.304277	
0.299188	0.294174	0.290928	0.150916	0.143553	0.000000	0.293602	0.297297	0.291886	0.313015	0.313105	0.307811	0.306215	0.309903	0.301445	0.301668	0.307032	0.303041	0.305770	0.301739	0.296748	0.303480	0.304144	0.300284	
0.295169	0.293821	0.289587	0.299454	0.302658	0.293602	0.000000	0.151317	0.151042	0.308924	0.303184	0.306047	0.319835	0.317196	0.313857	0.307085	0.312506	0.305990	0.304849	0.304909	0.305267	0.312175	0.309986	0.305680	
0.292184	0.287777	0.285896	0.298620	0.300901	0.297297	0.151317	0.000000	0.151972	0.313638	0.310616	0.312055	0.312549	0.311956	0.311708	0.308559	0.311632	0.306445	0.310082	0.304636	0.307670	0.305561	0.307616	0.303691	
0.294420	0.290579	0.287424	0.299234	0.302672	0.291886	0.151042	0.151972	0.000000	0.313250	0.312432	0.312272	0.312995	0.318429	0.312985	0.300521	0.307692	0.304378	0.308018	0.304072	0.304258	0.311846	0.311487	0.309133	
0.309877	0.306132	0.295228	0.319608	0.314861	0.313015	0.308924	0.313638	0.313250	0.000000	0.151167	0.154838	0.324469	0.321594	0.321011	0.316794	0.322483	0.317727	0.316293	0.319174	0.316674	0.311075	0.310306	0.309698	
0.303636	0.308347	0.296552	0.312130	0.311836	0.313105	0.303184	0.310616	0.312432	0.151167	0.000000	0.157866	0.329180	0.328673	0.321796	0.316650	0.322633	0.318515	0.317425	0.318097	0.318446	0.303025	0.311880	0.304141	
0.303706	0.303493	0.294139	0.312014	0.307604	0.307811	0.306047	0.312055	0.312272	0.154838	0.157866	0.000000	0.323868	0.323846	0.319539	0.319929	0.323266	0.313842	0.322512	0.317875	0.315676	0.302649	0.304170	0.301113	
0.306845	0.310447	0.297979	0.311466	0.308009	0.306215	0.319835	0.312549	0.312995	0.324469	0.329180	0.323868	0.000000	0.155176	0.152848	0.307199	0.310245	0.312415	0.311729	0.306972	0.304804	0.315182	0.320199	0.317670	
0.306355	0.305412	0.297416	0.319521	0.313320	0.309903	0.317196	0.311956	0.318429	0.321594	0.328673	0.323846	0.155176	0.000000	0.159481	0.309673	0.310671	0.308864	0.310756	0.309056	0.305936	0.320701	0.322511	0.321514	
0.303250	0.301252	0.293357	0.313840	0.309801	0.301445	0.313857	0.311708	0.312985	0.321011	0.321796	0.319539	0.152848	0.159481	0.000000	0.308112	0.306794	0.308025	0.307409	0.305248	0.301217	0.315527	0.319814	0.317051	
0.298951	0.300242	0.290168	0.311178	0.306391	0.301668	0.307085	0.308559	0.300521	0.316794	0.316650	0.319929	0.307199	0.309673	0.308112	0.000000	0.152925	0.158108	0.156272	0.156200	0.161767	0.306794	0.311716	0.307850	
0.296099	0.302317	0.296299	0.315090	0.313333	0.307032	0.312506	0.311632	0.307692	0.322483	0.322633	0.323266	0.310245	0.310671	0.306794	0.152925	0.000000	0.157407	0.154395	0.150724	0.164599	0.309746	0.311541	0.313309	
0.292237	0.296355	0.291260	0.310961	0.304027	0.303041	0.305990	0.306445	0.304378	0.317727	0.318515	0.313842	0.312415	0.308864	0.308025	0.158108	0.157407	0.000000	0.158761	0.156485	0.160155	0.300487	0.307086	0.307506	
0.296716	0.296393	0.292827	0.311047	0.308428	0.305770	0.304849	0.310082	0.308018	0.316293	0.317425	0.322512	0.311729	0.310756	0.307409	0.156272	0.154395	0.158761	0.000000	0.149945	0.163063	0.305388	0.306905	0.311532	
0.295472	0.295464	0.294112	0.311054	0.305801	0.301739	0.304909	0.304636	0.304072	0.319174	0.318097	0.317875	0.306972	0.309056	0.305248	0.156200	0.150724	0.156485	0.149945	0.000000	0.157874	0.308742	0.308571	0.303608	
0.297033	0.294336	0.294534	0.306738	0.302683	0.296748	0.305267	0.307670	0.304258	0.316674	0.318446	0.315676	0.304804	0.305936	0.301217	0.161767	0.164599	0.160155	0.163063	0.157874	0.000000	0.304092	0.305987	0.310364	
0.303517	0.298804	0.293683	0.305999	0.305040	0.303480	0.312175	0.305561	0.311846	0.311075	0.303025	0.302649	0.315182	0.320701	0.315527	0.306794	0.309746	0.300487	0.305388	0.308742	0.304092	0.000000	0.152187	0.153356	
0.305172	0.302365	0.295039	0.308734	0.304405	0.304144	0.309986	0.307616	0.311487	0.310306	0.311880	0.304170	0.320199	0.322511	0.319814	0.311716	0.311541	0.307086	0.306905	0.308571	0.305987	0.152187	0.000000	0.154374	
0.299176	0.297530	0.292247	0.305833	0.304277	0.300284	0.305680	0.303691	0.309133	0.309698	0.304141	0.301113	0.317670	0.321514	0.317051	0.307850	0.313309	0.307506	0.311532	0.303608	0.310364	0.153356	0.154374	0.000000	
