0.951247	-0.026367	-0.016048	-0.036237	-0.021990	-0.007494	-0.057386	-0.045773	-0.022610	0.360852	0.400272	0.391617	0.014105	-0.027437	-0.028856	-0.047397	-0.053163	-0.053961	-0.040671	-0.015098	-0.034349	-0.076590	-0.077589	-0.057056	-0.045978	-0.073326	-0.066199	-0.084330	-0.066331	-0.072066	-0.064374	-0.069148	-0.071007	-0.079449	-0.080138	-0.076956	-0.083072	-0.068573	-0.091104	-0.088001	-0.050927	-0.027025	-0.030204	-0.038185	-0.043919	-0.065075	-0.042962	
-0.026367	1.323155	-0.033413	0.000190	0.006575	-0.017447	-0.035918	-0.033394	-0.027764	-0.036499	-0.025240	-0.019650	-0.005515	0.008931	-0.011513	-0.008271	-0.007674	-0.011638	-0.010879	-0.005281	-0.003078	-0.006824	-0.022476	-0.013695	-0.012940	-0.009806	-0.008589	-0.057972	-0.050091	-0.047483	-0.052736	-0.063640	-0.070117	-0.093693	-0.088086	-0.098254	-0.091582	-0.097094	-0.099786	-0.084581	-0.084534	0.007161	-0.000645	0.009665	-0.006307	-0.013813	-0.007025	
-0.016048	-0.033413	0.983552	-0.042409	-0.036856	-0.038176	0.409827	0.422039	0.406232	-0.034459	-0.018924	-0.023619	-0.029201	-0.025763	-0.020701	-0.081606	-0.058835	-0.055230	-0.054925	-0.052676	-0.050655	-0.029419	-0.055415	-0.028786	-0.071088	-0.075839	-0.074149	-0.071091	-0.062658	-0.073193	-0.066687	-0.068820	-0.057923	-0.084500	-0.097805	-0.078014	-0.089360	-0.079461	-0.092251	-0.079591	-0.070092	-0.053405	-0.053049	-0.043800	-0.056656	-0.048824	-0.046994	
-0.036237	0.000190	-0.042409	0.893550	0.406329	0.374152	-0.035187	-0.023428	-0.057381	-0.032159	-0.029447	-0.016887	0.008362	0.003543	-0.004739	-0.043715	-0.035627	-0.041433	-0.035119	-0.033808	-0.030074	-0.024492	-0.019417	-0.012055	-0.038505	-0.046928	-0.033281	-0.046493	-0.048731	-0.054435	-0.048580	-0.058764	-0.048614	-0.078466	-0.091179	-0.067129	-0.084035	-0.071407	-0.085314	-0.082848	-0.064181	-0.027612	-0.033679	-0.031219	-0.036947	-0.022665	-0.024677	
-0.021990	0.006575	-0.036856	0.406329	0.950476	0.378960	-0.038069	-0.029712	-0.042696	-0.043014	-0.024120	-0.021350	-0.004566	-0.018562	-0.003739	-0.042123	-0.034128	-0.042427	-0.020214	-0.048069	-0.037996	-0.014387	-0.013391	-0.017074	-0.022916	-0.054864	-0.036016	-0.031330	-0.046602	-0.046313	-0.039726	-0.050658	-0.038407	-0.082591	-0.104021	-0.082426	-0.097814	-0.089256	-0.099981	-0.094696	-0.077347	-0.032933	-0.039533	-0.041876	-0.037819	-0.038319	-0.022075	
-0.007494	-0.017447	-0.038176	0.374152	0.378960	0.917017	-0.022517	-0.041285	-0.035137	-0.021064	-0.011359	-0.006872	0.007190	-0.005651	-0.005766	-0.043826	-0.052773	-0.042782	-0.033084	-0.033643	-0.024886	-0.026068	-0.022633	-0.010157	-0.036406	-0.051527	-0.046775	-0.046760	-0.046941	-0.058455	-0.046706	-0.059794	-0.048869	-0.072652	-0.085887	-0.058672	-0.065114	-0.071039	-0.075697	-0.082597	-0.072397	-0.042924	-0.036946	-0.047682	-0.031015	-0.026951	-0.024235	
-0.057386	-0.035918	0.409827	-0.035187	-0.038069	-0.022517	0.996351	0.419429	0.415806	-0.048065	-0.039273	-0.028094	-0.026908	-0.028982	-0.015199	-0.071209	-0.061282	-0.069522	-0.042907	-0.041933	-0.043140	-0.051526	-0.062246	-0.046073	-0.054973	-0.065094	-0.065751	-0.080270	-0.072769	-0.083646	-0.067622	-0.069408	-0.070779	-0.080852	-0.088493	-0.069308	-0.081158	-0.077406	-0.082430	-0.089305	-0.075497	-0.049165	-0.046120	-0.052118	-0.056351	-0.041824	-0.052827	
-0.045773	-0.033394	0.422039	-0.023428	-0.029712	-0.041285	0.419429	0.977292	0.416215	-0.042421	-0.042859	-0.044863	-0.038294	-0.032760	-0.030287	-0.068453	-0.070501	-0.059981	-0.044454	-0.047936	-0.040164	-0.038590	-0.039871	-0.034543	-0.051015	-0.060622	-0.066477	-0.075605	-0.063643	-0.077337	-0.063003	-0.067833	-0.064881	-0.081642	-0.081698	-0.078363	-0.092801	-0.082574	-0.093090	-0.083605	-0.080112	-0.047044	-0.041595	-0.047394	-0.047480	-0.042606	-0.049992	
-0.022610	-0.027764	0.406232	-0.057381	-0.042696	-0.035137	0.415806	0.416215	0.969758	-0.051035	-0.047376	-0.047531	-0.009130	-0.027899	-0.025946	-0.071822	-0.055213	-0.059460	-0.057034	-0.060732	-0.056171	-0.050379	-0.056454	-0.049441	-0.060431	-0.062067	-0.060359	-0.070362	-0.065978	-0.066380	-0.062340	-0.059510	-0.059263	-0.069034	-0.089558	-0.061790	-0.085251	-0.075351	-0.078263	-0.079631	-0.079490	-0.047503	-0.030753	-0.038650	-0.054134	-0.048943	-0.049796	
0.360852	-0.036499	-0.034459	-0.032159	-0.043014	-0.021064	-0.048065	-0.042421	-0.051035	0.995704	0.435258	0.441112	-0.012401	-0.023337	-0.021910	-0.044919	-0.053464	-0.050335	-0.043006	-0.029890	-0.034761	-0.027316	-0.022344	-0.034055	-0.056498	-0.058903	-0.053787	-0.075742	-0.072969	-0.082046	-0.063067	-0.065994	-0.051347	-0.083682	-0.074501	-0.088738	-0.098523	-0.078652	-0.086499	-0.077913	-0.074194	-0.037054	-0.040456	-0.024350	-0.012845	-0.012583	-0.015839	
0.400272	-0.025240	-0.018924	-0.029447	-0.024120	-0.011359	-0.039273	-0.042859	-0.047376	0.435258	0.942536	0.414669	-0.010544	-0.031820	-0.016826	-0.049607	-0.050209	-0.053544	-0.038895	-0.034482	-0.022233	-0.012874	-0.033000	-0.034624	-0.052966	-0.061971	-0.047683	-0.065335	-0.075618	-0.071737	-0.060255	-0.066907	-0.055768	-0.073595	-0.080105	-0.082127	-0.105429	-0.091051	-0.090390	-0.087336	-0.072449	-0.035917	-0.024867	-0.021183	-0.018574	-0.026246	-0.028228	
0.391617	-0.019650	-0.023619	-0.016887	-0.021350	-0.006872	-0.028094	-0.044863	-0.047531	0.441112	0.414669	0.970627	0.012115	-0.013876	-0.008165	-0.060378	-0.045208	-0.049724	-0.044347	-0.041438	-0.020259	-0.023187	-0.021030	-0.035104	-0.057234	-0.066532	-0.055961	-0.079191	-0.080590	-0.088176	-0.067202	-0.080346	-0.066590	-0.073994	-0.086363	-0.079824	-0.099002	-0.087739	-0.082116	-0.088563	-0.077374	-0.042380	-0.033072	-0.036715	-0.012665	-0.010696	-0.013954	
0.014105	-0.005515	-0.029201	0.008362	-0.004566	0.007190	-0.026908	-0.038294	-0.009130	-0.012401	-0.010544	0.012115	0.966628	0.418744	0.410526	-0.050375	-0.066349	-0.039257	-0.030928	-0.033229	-0.040661	-0.041819	-0.041575	-0.040313	-0.057853	-0.064500	-0.067384	-0.075262	-0.061248	-0.055547	-0.062845	-0.065185	-0.065773	-0.082849	-0.078679	-0.079005	-0.088358	-0.078023	-0.082450	-0.073485	-0.085236	-0.033907	-0.038859	-0.036650	-0.035052	-0.029655	-0.024284	
-0.027437	0.008931	-0.025763	0.003543	-0.018562	-0.005651	-0.028982	-0.032760	-0.027899	-0.023337	-0.031820	-0.013876	0.418744	1.017743	0.434752	-0.064202	-0.062121	-0.062755	-0.028140	-0.015027	-0.032656	-0.048588	-0.036713	-0.042157	-0.073028	-0.065582	-0.073475	-0.061032	-0.053274	-0.054303	-0.050817	-0.049942	-0.061000	-0.082514	-0.079368	-0.079887	-0.083675	-0.077965	-0.079179	-0.080007	-0.073775	-0.018823	-0.034086	-0.007844	-0.038361	-0.037743	-0.035943	
-0.028856	-0.011513	-0.020701	-0.004739	-0.003739	-0.005766	-0.015199	-0.030287	-0.025946	-0.021910	-0.016826	-0.008165	0.410526	0.434752	1.002201	-0.065322	-0.057023	-0.061978	-0.022735	-0.016930	-0.031627	-0.031711	-0.029786	-0.041059	-0.073114	-0.074132	-0.077329	-0.045982	-0.042172	-0.058618	-0.051990	-0.059077	-0.056498	-0.089735	-0.083226	-0.076053	-0.088586	-0.087649	-0.084556	-0.081564	-0.074852	-0.012997	-0.019172	-0.017807	-0.030601	-0.034189	-0.030624	
-0.047397	-0.008271	-0.081606	-0.043715	-0.042123	-0.043826	-0.071209	-0.068453	-0.071822	-0.044919	-0.049607	-0.060378	-0.050375	-0.064202	-0.065322	1.090941	0.439868	0.383775	-0.061517	-0.072839	-0.071977	-0.074461	-0.060296	-0.065339	0.282584	0.469155	0.422312	-0.097890	-0.096737	-0.113287	-0.106735	-0.099263	-0.111203	-0.136375	-0.116446	-0.125389	-0.124515	-0.114298	-0.133212	-0.106258	-0.106960	-0.072545	-0.070600	-0.071446	-0.050341	-0.047055	-0.057582	
-0.053163	-0.007674	-0.058835	-0.035627	-0.034128	-0.052773	-0.061282	-0.070501	-0.055213	-0.053464	-0.050209	-0.045208	-0.066349	-0.062121	-0.057023	0.439868	1.047825	0.387633	-0.061075	-0.062505	-0.063691	-0.074914	-0.064286	-0.061303	0.309711	0.451189	0.437943	-0.100200	-0.100939	-0.100679	-0.100427	-0.099722	-0.100220	-0.118312	-0.116336	-0.119786	-0.123382	-0.113831	-0.113125	-0.113907	-0.112653	-0.059718	-0.071808	-0.064746	-0.043322	-0.053404	-0.056993	
-0.053961	-0.011638	-0.055230	-0.041433	-0.042427	-0.042782	-0.069522	-0.059981	-0.059460	-0.050335	-0.053544	-0.049724	-0.039257	-0.062755	-0.061978	0.383775	0.387633	1.035034	-0.034519	-0.044866	-0.030932	-0.071949	-0.065957	-0.075358	0.264655	0.415223	0.404160	-0.083150	-0.097375	-0.101025	-0.093360	-0.092064	-0.098040	-0.116088	-0.125138	-0.118654	-0.115454	-0.116283	-0.113424	-0.099328	-0.109115	-0.071005	-0.071488	-0.070590	-0.043002	-0.048152	-0.043000	
-0.040671	-0.010879	-0.054925	-0.035119	-0.020214	-0.033084	-0.042907	-0.044454	-0.057034	-0.043006	-0.038895	-0.044347	-0.030928	-0.028140	-0.022735	-0.061517	-0.061075	-0.034519	1.028221	0.430467	0.422964	-0.027710	-0.031730	-0.033725	-0.073655	-0.068964	-0.054320	-0.057797	-0.055316	-0.071190	-0.059547	-0.054639	-0.065747	-0.077970	-0.080055	-0.074733	-0.074588	-0.075019	-0.080394	-0.072649	-0.058144	-0.011615	-0.023035	-0.012405	-0.014805	-0.013417	-0.009940	
-0.015098	-0.005281	-0.052676	-0.033808	-0.048069	-0.033643	-0.041933	-0.047936	-0.060732	-0.029890	-0.034482	-0.041438	-0.033229	-0.015027	-0.016930	-0.072839	-0.062505	-0.044866	0.430467	1.022958	0.421456	-0.035056	-0.024714	-0.047576	-0.069584	-0.070127	-0.074068	-0.074665	-0.060511	-0.063662	-0.071744	-0.067482	-0.078770	-0.068158	-0.062922	-0.075643	-0.074309	-0.067357	-0.086271	-0.070903	-0.070343	-0.018845	-0.009897	-0.008021	0.002816	-0.011113	0.001154	
-0.034349	-0.003078	-0.050655	-0.030074	-0.037996	-0.024886	-0.043140	-0.040164	-0.056171	-0.034761	-0.022233	-0.020259	-0.040661	-0.032656	-0.031627	-0.071977	-0.063691	-0.030932	0.422964	0.421456	1.024469	-0.040206	-0.037042	-0.038004	-0.059636	-0.068335	-0.067081	-0.076925	-0.071931	-0.061616	-0.067184	-0.063562	-0.070097	-0.079458	-0.074583	-0.054913	-0.067165	-0.068229	-0.085205	-0.073838	-0.065773	-0.018753	-0.010259	-0.025823	-0.012814	-0.020889	-0.021100	
-0.076590	-0.006824	-0.029419	-0.024492	-0.014387	-0.026068	-0.051526	-0.038590	-0.050379	-0.027316	-0.012874	-0.023187	-0.041819	-0.048588	-0.031711	-0.074461	-0.074914	-0.071949	-0.027710	-0.035056	-0.040206	1.013458	0.490469	0.451761	-0.058210	-0.056683	-0.069955	-0.041452	-0.037584	-0.040060	-0.034243	-0.036895	-0.037496	-0.083066	-0.086879	-0.084160	-0.094533	-0.094428	-0.100058	-0.077517	-0.090667	-0.026874	-0.044060	-0.027475	-0.033430	-0.027722	-0.044036	
-0.077589	-0.022476	-0.055415	-0.019417	-0.013391	-0.022633	-0.062246	-0.039871	-0.056454	-0.022344	-0.033000	-0.021030	-0.041575	-0.036713	-0.029786	-0.060296	-0.064286	-0.065957	-0.031730	-0.024714	-0.037042	0.490469	1.037401	0.468859	-0.062323	-0.054775	-0.063448	-0.047128	-0.031512	-0.026385	-0.033724	-0.035865	-0.024353	-0.087282	-0.085271	-0.095408	-0.098009	-0.102364	-0.100577	-0.094006	-0.082613	-0.028268	-0.048078	-0.036235	-0.023976	-0.046636	-0.050736	
-0.057056	-0.013695	-0.028786	-0.012055	-0.017074	-0.010157	-0.046073	-0.034543	-0.049441	-0.034055	-0.034624	-0.035104	-0.040313	-0.042157	-0.041059	-0.065339	-0.061303	-0.075358	-0.033725	-0.047576	-0.038004	0.451761	0.468859	1.013974	-0.053372	-0.069779	-0.062168	-0.050819	-0.041102	-0.045375	-0.042960	-0.050225	-0.034710	-0.087779	-0.070368	-0.080654	-0.085352	-0.087248	-0.080672	-0.090701	-0.064820	-0.029459	-0.044828	-0.042661	-0.046682	-0.048825	-0.052069	
-0.045978	-0.012940	-0.071088	-0.038505	-0.022916	-0.036406	-0.054973	-0.051015	-0.060431	-0.056498	-0.052966	-0.057234	-0.057853	-0.073028	-0.073114	0.282584	0.309711	0.264655	-0.073655	-0.069584	-0.059636	-0.058210	-0.062323	-0.053372	0.998348	0.307276	0.311867	-0.083029	-0.090471	-0.092321	-0.099392	-0.089906	-0.092663	-0.109642	-0.113230	-0.104931	-0.124886	-0.118489	-0.106908	-0.107665	-0.113650	-0.079122	-0.053096	-0.064884	0.072030	0.079009	0.049554	
-0.073326	-0.009806	-0.075839	-0.046928	-0.054864	-0.051527	-0.065094	-0.060622	-0.062067	-0.058903	-0.061971	-0.066532	-0.064500	-0.065582	-0.074132	0.469155	0.451189	0.415223	-0.068964	-0.070127	-0.068335	-0.056683	-0.054775	-0.069779	0.307276	1.112667	0.474331	-0.099867	-0.099754	-0.108887	-0.097035	-0.100368	-0.111313	-0.129753	-0.124849	-0.127702	-0.121992	-0.121260	-0.124638	-0.117928	-0.118223	-0.065654	-0.087838	-0.072849	-0.056122	-0.043723	-0.052428	
-0.066199	-0.008589	-0.074149	-0.033281	-0.036016	-0.046775	-0.065751	-0.066477	-0.060359	-0.053787	-0.047683	-0.055961	-0.067384	-0.073475	-0.077329	0.422312	0.437943	0.404160	-0.054320	-0.074068	-0.067081	-0.069955	-0.063448	-0.062168	0.311867	0.474331	1.047800	-0.098486	-0.107051	-0.099155	-0.100300	-0.099066	-0.085980	-0.125813	-0.123188	-0.115845	-0.127786	-0.117994	-0.121007	-0.114694	-0.107890	-0.075621	-0.061611	-0.081386	-0.053197	-0.057616	-0.051076	
-0.084330	-0.057972	-0.071091	-0.046493	-0.031330	-0.046760	-0.080270	-0.075605	-0.070362	-0.075742	-0.065335	-0.079191	-0.075262	-0.061032	-0.045982	-0.097890	-0.100200	-0.083150	-0.057797	-0.074665	-0.076925	-0.041452	-0.047128	-0.050819	-0.083029	-0.099867	-0.098486	0.999854	0.382299	0.361985	0.385736	0.375795	0.369399	-0.107543	-0.115917	-0.103573	-0.106697	-0.102766	-0.112657	-0.113346	-0.106113	-0.051436	-0.038151	-0.051187	-0.045121	-0.058168	-0.056905	
-0.066331	-0.050091	-0.062658	-0.048731	-0.046602	-0.046941	-0.072769	-0.063643	-0.065978	-0.072969	-0.075618	-0.080590	-0.061248	-0.053274	-0.042172	-0.096737	-0.100939	-0.097375	-0.055316	-0.060511	-0.071931	-0.037584	-0.031512	-0.041102	-0.090471	-0.099754	-0.107051	0.382299	0.982041	0.371473	0.391731	0.368669	0.370063	-0.106078	-0.104333	-0.101736	-0.114959	-0.111934	-0.109094	-0.110956	-0.115804	-0.061455	-0.060175	-0.066345	-0.051909	-0.046890	-0.053969	
-0.072066	-0.047483	-0.073193	-0.054435	-0.046313	-0.058455	-0.083646	-0.077337	-0.066380	-0.082046	-0.071737	-0.088176	-0.055547	-0.054303	-0.058618	-0.113287	-0.100679	-0.101025	-0.071190	-0.063662	-0.061616	-0.040060	-0.026385	-0.045375	-0.092321	-0.108887	-0.099155	0.361985	0.371473	1.040606	0.368390	0.385377	0.387032	-0.106753	-0.115311	-0.119642	-0.110102	-0.105606	-0.114931	-0.117891	-0.106467	-0.060037	-0.055705	-0.050287	-0.040377	-0.053162	-0.045108	
-0.064374	-0.052736	-0.066687	-0.048580	-0.039726	-0.046706	-0.067622	-0.063003	-0.062340	-0.063067	-0.060255	-0.067202	-0.062845	-0.050817	-0.051990	-0.106735	-0.100427	-0.093360	-0.059547	-0.071744	-0.067184	-0.034243	-0.033724	-0.042960	-0.099392	-0.097035	-0.100300	0.385736	0.391731	0.368390	0.969465	0.386209	0.364607	-0.108317	-0.108550	-0.103151	-0.110202	-0.103586	-0.109661	-0.118182	-0.107373	-0.053541	-0.057784	-0.062221	-0.058323	-0.057575	-0.070081	
-0.069148	-0.063640	-0.068820	-0.058764	-0.050658	-0.059794	-0.069408	-0.067833	-0.059510	-0.065994	-0.066907	-0.080346	-0.065185	-0.049942	-0.059077	-0.099263	-0.099722	-0.092064	-0.054639	-0.067482	-0.063562	-0.036895	-0.035865	-0.050225	-0.089906	-0.100368	-0.099066	0.375795	0.368669	0.385377	0.386209	1.002867	0.350770	-0.108363	-0.107482	-0.104116	-0.109372	-0.110253	-0.114447	-0.119462	-0.119734	-0.078209	-0.058901	-0.061485	-0.059735	-0.045201	-0.055720	
-0.071007	-0.070117	-0.057923	-0.048614	-0.038407	-0.048869	-0.070779	-0.064881	-0.059263	-0.051347	-0.055768	-0.066590	-0.065773	-0.061000	-0.056498	-0.111203	-0.100220	-0.098040	-0.065747	-0.078770	-0.070097	-0.037496	-0.024353	-0.034710	-0.092663	-0.111313	-0.085980	0.369399	0.370063	0.387032	0.364607	0.350770	1.046980	-0.108982	-0.119133	-0.112308	-0.115616	-0.110949	-0.124149	-0.124988	-0.124073	-0.063425	-0.058705	-0.061877	-0.053272	-0.057302	-0.049703	
-0.079449	-0.093693	-0.084500	-0.078466	-0.082591	-0.072652	-0.080852	-0.081642	-0.069034	-0.083682	-0.073595	-0.073994	-0.082849	-0.082514	-0.089735	-0.136375	-0.118312	-0.116088	-0.077970	-0.068158	-0.079458	-0.083066	-0.087282	-0.087779	-0.109642	-0.129753	-0.125813	-0.107543	-0.106078	-0.106753	-0.108317	-0.108363	-0.108982	0.929448	0.339663	0.331221	0.335169	0.324626	0.343251	0.322356	0.305508	-0.073283	-0.077329	-0.080334	-0.079604	-0.087560	-0.090743	
-0.080138	-0.088086	-0.097805	-0.091179	-0.104021	-0.085887	-0.088493	-0.081698	-0.089558	-0.074501	-0.080105	-0.086363	-0.078679	-0.079368	-0.083226	-0.116446	-0.116336	-0.125138	-0.080055	-0.062922	-0.074583	-0.086879	-0.085271	-0.070368	-0.113230	-0.124849	-0.123188	-0.115917	-0.104333	-0.115311	-0.108550	-0.107482	-0.119133	0.339663	0.957780	0.311001	0.357149	0.350000	0.361458	0.322016	0.302081	-0.079153	-0.073238	-0.074337	-0.083920	-0.084804	-0.091943	
-0.076956	-0.098254	-0.078014	-0.067129	-0.082426	-0.058672	-0.069308	-0.078363	-0.061790	-0.088738	-0.082127	-0.079824	-0.079005	-0.079887	-0.076053	-0.125389	-0.119786	-0.118654	-0.074733	-0.075643	-0.054913	-0.084160	-0.095408	-0.080654	-0.104931	-0.127702	-0.115845	-0.103573	-0.101736	-0.119642	-0.103151	-0.104116	-0.112308	0.331221	0.311001	0.923505	0.321883	0.308275	0.308643	0.306164	0.290540	-0.080823	-0.078195	-0.081825	-0.078994	-0.085438	-0.084642	
-0.083072	-0.091582	-0.089360	-0.084035	-0.097814	-0.065114	-0.081158	-0.092801	-0.085251	-0.098523	-0.105429	-0.099002	-0.088358	-0.083675	-0.088586	-0.124515	-0.123382	-0.115454	-0.074588	-0.074309	-0.067165	-0.094533	-0.098009	-0.085352	-0.124886	-0.121992	-0.127786	-0.106697	-0.114959	-0.110102	-0.110202	-0.109372	-0.115616	0.335169	0.357149	0.321883	0.988223	0.337796	0.364001	0.335814	0.312625	-0.066480	-0.078870	-0.073816	-0.075295	-0.076773	-0.099660	
-0.068573	-0.097094	-0.079461	-0.071407	-0.089256	-0.071039	-0.077406	-0.082574	-0.075351	-0.078652	-0.091051	-0.087739	-0.078023	-0.077965	-0.087649	-0.114298	-0.113831	-0.116283	-0.075019	-0.067357	-0.068229	-0.094428	-0.102364	-0.087248	-0.118489	-0.121260	-0.117994	-0.102766	-0.111934	-0.105606	-0.103586	-0.110253	-0.110949	0.324626	0.350000	0.308275	0.337796	0.918925	0.351539	0.335372	0.289714	-0.083315	-0.088246	-0.082068	-0.084113	-0.073712	-0.079260	
-0.091104	-0.099786	-0.092251	-0.085314	-0.099981	-0.075697	-0.082430	-0.093090	-0.078263	-0.086499	-0.090390	-0.082116	-0.082450	-0.079179	-0.084556	-0.133212	-0.113125	-0.113424	-0.080394	-0.086271	-0.085205	-0.100058	-0.100577	-0.080672	-0.106908	-0.124638	-0.121007	-0.112657	-0.109094	-0.114931	-0.109661	-0.114447	-0.124149	0.343251	0.361458	0.308643	0.364001	0.351539	0.968343	0.350700	0.312803	-0.077802	-0.071210	-0.074736	-0.089984	-0.073158	-0.097000	
-0.088001	-0.084581	-0.079591	-0.082848	-0.094696	-0.082597	-0.089305	-0.083605	-0.079631	-0.077913	-0.087336	-0.088563	-0.073485	-0.080007	-0.081564	-0.106258	-0.113907	-0.099328	-0.072649	-0.070903	-0.073838	-0.077517	-0.094006	-0.090701	-0.107665	-0.117928	-0.114694	-0.113346	-0.110956	-0.117891	-0.118182	-0.119462	-0.124988	0.322356	0.322016	0.306164	0.335814	0.335372	0.350700	0.927129	0.328687	-0.072669	-0.067683	-0.068797	-0.089023	-0.085903	-0.097744	
-0.050927	-0.084534	-0.070092	-0.064181	-0.077347	-0.072397	-0.075497	-0.080112	-0.079490	-0.074194	-0.072449	-0.077374	-0.085236	-0.073775	-0.074852	-0.106960	-0.112653	-0.109115	-0.058144	-0.070343	-0.065773	-0.090667	-0.082613	-0.064820	-0.113650	-0.118223	-0.107890	-0.106113	-0.115804	-0.106467	-0.107373	-0.119734	-0.124073	0.305508	0.302081	0.290540	0.312625	0.289714	0.312803	0.328687	0.944663	-0.078704	-0.074342	-0.084874	-0.089894	-0.091360	-0.087858	
-0.027025	0.007161	-0.053405	-0.027612	-0.032933	-0.042924	-0.049165	-0.047044	-0.047503	-0.037054	-0.035917	-0.042380	-0.033907	-0.018823	-0.012997	-0.072545	-0.059718	-0.071005	-0.011615	-0.018845	-0.018753	-0.026874	-0.028268	-0.029459	-0.079122	-0.065654	-0.075621	-0.051436	-0.061455	-0.060037	-0.053541	-0.078209	-0.063425	-0.073283	-0.079153	-0.080823	-0.066480	-0.083315	-0.077802	-0.072669	-0.078704	1.028570	0.435380	0.432265	-0.029289	-0.022418	-0.004008	
-0.030204	-0.000645	-0.053049	-0.033679	-0.039533	-0.036946	-0.046120	-0.041595	-0.030753	-0.040456	-0.024867	-0.033072	-0.038859	-0.034086	-0.019172	-0.070600	-0.071808	-0.071488	-0.023035	-0.009897	-0.010259	-0.044060	-0.048078	-0.044828	-0.053096	-0.087838	-0.061611	-0.038151	-0.060175	-0.055705	-0.057784	-0.058901	-0.058705	-0.077329	-0.073238	-0.078195	-0.078870	-0.088246	-0.071210	-0.067683	-0.074342	0.435380	1.006647	0.434271	-0.020749	-0.022084	-0.005258	
-0.038185	0.009665	-0.043800	-0.031219	-0.041876	-0.047682	-0.052118	-0.047394	-0.038650	-0.024350	-0.021183	-0.036715	-0.036650	-0.007844	-0.017807	-0.071446	-0.064746	-0.070590	-0.012405	-0.008021	-0.025823	-0.027475	-0.036235	-0.042661	-0.064884	-0.072849	-0.081386	-0.051187	-0.066345	-0.050287	-0.062221	-0.061485	-0.061877	-0.080334	-0.074337	-0.081825	-0.073816	-0.082068	-0.074736	-0.068797	-0.084874	0.432265	0.434271	1.031586	-0.018382	-0.020103	-0.014080	
-0.043919	-0.006307	-0.056656	-0.036947	-0.037819	-0.031015	-0.056351	-0.047480	-0.054134	-0.012845	-0.018574	-0.012665	-0.035052	-0.038361	-0.030601	-0.050341	-0.043322	-0.043002	-0.014805	0.002816	-0.012814	-0.033430	-0.023976	-0.046682	0.072030	-0.056122	-0.053197	-0.045121	-0.051909	-0.040377	-0.058323	-0.059735	-0.053272	-0.079604	-0.083920	-0.078994	-0.075295	-0.084113	-0.089984	-0.089023	-0.089894	-0.029289	-0.020749	-0.018382	0.993283	0.413427	0.399550	
-0.065075	-0.013813	-0.048824	-0.022665	-0.038319	-0.026951	-0.041824	-0.042606	-0.048943	-0.012583	-0.026246	-0.010696	-0.029655	-0.037743	-0.034189	-0.047055	-0.053404	-0.048152	-0.013417	-0.011113	-0.020889	-0.027722	-0.046636	-0.048825	0.079009	-0.043723	-0.057616	-0.058168	-0.046890	-0.053162	-0.057575	-0.045201	-0.057302	-0.087560	-0.084804	-0.085438	-0.076773	-0.073712	-0.073158	-0.085903	-0.091360	-0.022418	-0.022084	-0.020103	0.413427	1.003492	0.407810	
-0.042962	-0.007025	-0.046994	-0.024677	-0.022075	-0.024235	-0.052827	-0.049992	-0.049796	-0.015839	-0.028228	-0.013954	-0.024284	-0.035943	-0.030624	-0.057582	-0.056993	-0.043000	-0.009940	0.001154	-0.021100	-0.044036	-0.050736	-0.052069	0.049554	-0.052428	-0.051076	-0.056905	-0.053969	-0.045108	-0.070081	-0.055720	-0.049703	-0.090743	-0.091943	-0.084642	-0.099660	-0.079260	-0.097000	-0.097744	-0.087858	-0.004008	-0.005258	-0.014080	0.399550	0.407810	1.005122	
