CA4	134738	0.0	0.00043724079145729443	0.0008767529177406445	0.0005723113449406662	0.00043751435740809147	0.00048482004671803077	0.0004345345962933591	0.0004452742988493097	0.0005554111741900143	0.0022071147391334177	0.0004855422683381995	0.0012212677021101832	0.0008767456373533607	0.0007610368763953367	0.0004445074269656991	0.0011240556021784088	0.00040926508140378586	0.000564589463998399	0.00043925141040624375	0.0005261963838223069	0.0006642065875886781	0.004355674155915229	0.0005017995732538502	0.0005778434393869093	0.0006845848405343207	0.0005926516815389234	0.000555584512582495	0.0005139416899555934	0.0006734622470182109	0.0004983616553983765	0.0006510832208925354	0.0003920292613057866	0.0014247701241567217	0.00663265569905751	0.0007471638986101165	0.00056457913833316	0.0007836413429282052	0.010091382251166283	0.0035742812275265158
CD4	134739	0.00043724079145729443	0.0	0.0006854503788259445	0.0003204670788536432	0.0001517494063181186	0.0002210951610214147	0.00020231194680444883	0.00023579305189315545	0.0002851503587970374	0.0019830197883506802	0.00022040869590692565	0.0009507406975931581	0.0006210599798011661	0.0005713236233869361	0.00028980229019513325	0.0010683279980084068	0.00019287053999279575	0.0002745290855595522	0.000299356607638312	0.0003066431935648518	0.0003970791870196158	0.0039352801515262605	0.0003679719195030911	0.0003338123175991918	0.0004324396234644569	0.00030341147135159595	0.00024033494580939343	0.00039373784174229307	0.000400757869684595	0.00021002665687413607	0.00037761821647382934	0.0002252901906569385	0.0013073459822257806	0.006351517516257975	0.00042364718111698467	0.00028671214852822607	0.0010121401138814714	0.010110321668261363	0.00361846236310048
CE11	134740	0.0008767529177406445	0.0006854503788259445	0.0	0.0007663119152749599	0.0007189864546856925	0.0007333954570542325	0.0007408754285179036	0.0007261654812287372	0.0008190519546856256	0.0024607484918410596	0.0006701378480636455	0.0015408114804784062	0.0011234306320124588	0.0010685364982528055	0.000609398295793211	0.0016632212741145326	0.0007291140536956256	0.0007802805709325595	0.0007424449432359415	0.0007697094142670952	0.0009302666845441773	0.003675810564791455	0.0007364584790014318	0.0008488754500401331	0.0009501064396237743	0.0008007599612167301	0.0006411408669807829	0.0008639472913673492	0.0008998230207524515	0.0007369917735590187	0.0008256194485191113	0.0006833710851578227	0.0017566565643802995	0.005975780377091286	0.001025312472238769	0.0007928378986862808	0.0016396791520228737	0.009880621356459458	0.003354376963197919
CF7	134741	0.0005723113449406662	0.0003204670788536432	0.0007663119152749599	0.0	0.00020892867562356682	0.00019445208564312176	0.00016466661249776325	0.0002421074304074391	0.00013706944054340815	0.0017763169791518347	0.000159673621058114	0.000911792506199337	0.000507080948606556	0.00038929482096192094	0.00034543002281386373	0.000931034531217338	0.00022939208575944634	0.00014666566347834608	0.0003565723535872069	0.00019809943825367844	0.0005537950010631277	0.004015346382761381	0.0002084907818209105	0.0002318417827863937	0.00031520639778463976	0.0002538479621630647	0.00034198581622412724	0.0003091217536563128	0.00025622687944647335	0.00014941576889326456	0.00020202592470688313	0.0003425387650268564	0.0012006994225843997	0.006399940102334007	0.0003577741429814908	0.0001499769106977716	0.0010211522126263133	0.010232575850055027	0.003701948290145072
CH1	134742	0.00043751435740809147	0.0001517494063181186	0.0007189864546856925	0.00020892867562356682	0.0	0.00011885216399602408	9.308998320160018e-05	0.0002432344632481301	0.0001943726628387388	0.0018920475237174817	0.0001247081572308513	0.0009317857604122886	0.0005638021275993193	0.0005030785179525668	0.00030497628630041034	0.0010318972671475798	7.658362849994997e-05	0.00017377937150860008	0.0002210226904686202	0.00019738259559967197	0.0005112791829717712	0.004044748206107634	0.00024211160907609808	0.000235283059251476	0.0003848110244911823	0.0002415391454346199	0.0002631518873911738	0.0002899261748223757	0.000329216493517185	0.00011055050762007525	0.0002898907355863081	0.0002466017506104119	0.0012105247901397541	0.006462729651666167	0.00038540349651971584	0.00020332742787951567	0.0009613220761235306	0.010220486887035706	0.003721804443980787
CI1	134743	0.00048482004671803077	0.0002210951610214147	0.0007333954570542325	0.00019445208564312176	0.00011885216399602408	0.0	0.0001204502081357192	0.00020583802423454077	0.0001718294629854173	0.001818194499003379	0.00013023974993481332	0.0008957380913778047	0.0004993819475432161	0.0005125758403817233	0.0003390893477236968	0.0010094985524384769	0.0001192944052217381	0.00014300925488292974	0.00028616445942565544	0.00011212913637471107	0.0004886969056307604	0.00404067207163466	0.00025537762351443083	0.00016374064552842986	0.0003204195219731839	0.00021958250430258153	0.0003009319522015841	0.00022279316312070032	0.00032681840112067247	0.00011732062846626001	0.0002766229586852111	0.0002865212589716116	0.0011246579325709057	0.006449181463603193	0.0003545139129504896	0.00018416398373230893	0.0009538204714988291	0.010193500813785662	0.0036849155793075845
CJ13	134744	0.0004345345962933591	0.00020231194680444883	0.0007408754285179036	0.00016466661249776325	9.308998320160018e-05	0.0001204502081357192	0.0	0.00019228153609224496	0.00015771774744896896	0.0018462211420667098	0.00012642564339905923	0.0009351540421546039	0.0004929877777258493	0.00043666606736658404	0.00026818536302151475	0.0010133416723745606	0.0001033563292747572	0.00016045291759195544	0.00021114863337883325	0.0001955230351952325	0.0004739771543852559	0.004060148556417495	0.0001803860714817954	0.00023408064047093793	0.0003409439380599874	0.00024448924828789976	0.0003211928850393994	0.0002913916089291059	0.00027649834008094184	8.916828639775798e-05	0.0002491338810392821	0.0002529051178560705	0.001235715221808514	0.0064126128910591135	0.00035239986542157786	0.00014694524948753393	0.0009743167269424302	0.01019364028486872	0.0036729596809128217
CL6	134745	0.0004452742988493097	0.00023579305189315545	0.0007261654812287372	0.0002421074304074391	0.0002432344632481301	0.00020583802423454077	0.00019228153609224496	0.0	0.00021108548807007995	0.0018079607553455068	0.00018714108122643784	0.0009992232824261233	0.000496433447196806	0.00048293480009732246	0.0002575844612917354	0.0010421080284982519	0.0002466653979018713	0.00022369455050030016	0.00033985122066239754	0.00026133027954140385	0.00032770404241478035	0.00392486217621741	0.0002427779911171755	0.000283390492379823	0.0004009940588953372	0.00021273396932159293	0.00032028511894667457	0.0003856822729453184	0.0003666990267360416	0.00017131027823574942	0.00034647515822493484	0.00024079105054880182	0.0012824254924420765	0.006330432935412667	0.00044922074436775934	0.0002040752067819837	0.0010469166408115325	0.010102321143531703	0.0035777354260756455
CM1	134746	0.0005554111741900143	0.0002851503587970374	0.0008190519546856256	0.00013706944054340815	0.0001943726628387388	0.0001718294629854173	0.00015771774744896896	0.00021108548807007995	0.0	0.001748137623548839	0.00019645721800238506	0.0009372045130852084	0.00044518269981818736	0.0003788359425685289	0.00037238944495951806	0.0009022821590672537	0.00020562897230301394	0.00014500033087957258	0.00033824649789368825	0.0002100558914331465	0.0005057535788030426	0.004043050275755644	0.0002582465541750319	0.00019006299614741527	0.0003581435423008569	0.00025983105644121056	0.0003450329258365463	0.00026877242408574115	0.00025990829150423383	0.00012320953560886343	0.00029148603287111575	0.000355386489110061	0.0011887012652622097	0.006439755325075028	0.00035985612923572876	0.0001290791349351131	0.000962064307514572	0.010183837237786982	0.003657847514791834
CP1	134749	0.0022071147391334177	0.0019830197883506802	0.0024607484918410596	0.0017763169791518347	0.0018920475237174817	0.001818194499003379	0.0018462211420667098	0.0018079607553455068	0.001748137623548839	0.0	0.0018350004989818244	0.0014653173011402805	0.0015672312397317341	0.0016768661993568504	0.001953221851463968	0.001855125809677742	0.0018910459521173616	0.0017600793525538322	0.002051108812429758	0.0018111377538530822	0.0018309570390212168	0.0036944875885720567	0.0017664026845661128	0.0017276678449384452	0.0016283375406424899	0.0017304399592878725	0.0019008416472000285	0.0017976009978325348	0.001787101480452789	0.0018104344278038734	0.0017340152482047332	0.0019429990004495247	0.0015489534646717373	0.006907297027225008	0.0017077374460548037	0.0017585656871121282	0.0020645444611915374	0.010156882775659558	0.0036478349482285824
CR7	134750	0.0004855422683381995	0.00022040869590692565	0.0006701378480636455	0.000159673621058114	0.0001247081572308513	0.00013023974993481332	0.00012642564339905923	0.00018714108122643784	0.00019645721800238506	0.0018350004989818244	0.0	0.0009283829754849703	0.0005422556505132093	0.00047815196406279716	0.0002581260308749615	0.0009932712220018392	0.00014098021709253023	0.00013648479559472948	0.00026398155817791637	0.00020297633276670975	0.0004887067231960907	0.003983996571831367	0.0001960484924072235	0.00025176327553714975	0.00032208973068284963	0.00017477038800760996	0.00025070116541089926	0.0003191200941977981	0.00029619701622224446	0.00010619548898008199	0.00023334503102103376	0.0002715689720248223	0.0011837078915513605	0.006373119224151674	0.0004146342327250373	0.00017055386535375376	0.0010733515736767972	0.010219631681392817	0.003698230033750375
FA5	134752	0.0012212677021101832	0.0009507406975931581	0.0015408114804784062	0.000911792506199337	0.0009317857604122886	0.0008957380913778047	0.0009351540421546039	0.0009992232824261233	0.0009372045130852084	0.0014653173011402805	0.0009283829754849703	0.0	0.000830618983678575	0.0009852333291003703	0.0010798416797558293	0.0014164931076593927	0.0009356616749924948	0.0008418794704137131	0.001030006500912505	0.0009513736305977053	0.0009085858314386262	0.0035415903603565175	0.0009604744129073782	0.00091245288372861	0.0007204906049862961	0.0008596004392187738	0.0010187441604623236	0.0009364041841889323	0.0008125899061733687	0.0008980742909813638	0.0007677630765892749	0.0009775959119368283	0.0013960148697909746	0.006693983504903432	0.0007288667676600676	0.0008721798028419893	0.001236070066550258	0.010100195771915121	0.003630343241198839
FD5	134753	0.0008767456373533607	0.0006210599798011661	0.0011234306320124588	0.000507080948606556	0.0005638021275993193	0.0004993819475432161	0.0004929877777258493	0.000496433447196806	0.00044518269981818736	0.0015672312397317341	0.0005422556505132093	0.000830618983678575	0.0	0.0006592984097067948	0.000642681475462824	0.0012170175036518276	0.0005691989363454418	0.00047732608595576933	0.0006345005671868357	0.0005010705551294131	0.0005612969206354877	0.004134255019522592	0.0005499759872116075	0.00047120846392474734	0.0004282562285150576	0.0005470890076886639	0.0007518022243170219	0.00051328262258581	0.00039850607463880314	0.0004714124190248698	0.00045822223160355425	0.0006705562991238347	0.0009855239560158813	0.006491581505233663	0.00035793067522255773	0.0003921665583208246	0.0010069297557397934	0.010344531271394758	0.0038072276382067447
FE10	134754	0.0007610368763953367	0.0005713236233869361	0.0010685364982528055	0.00038929482096192094	0.0005030785179525668	0.0005125758403817233	0.00043666606736658404	0.00048293480009732246	0.0003788359425685289	0.0016768661993568504	0.00047815196406279716	0.0009852333291003703	0.0006592984097067948	0.0	0.0005418765190933655	0.0008222955870487864	0.000485187195686981	0.0003812941517985734	0.0005893044408193411	0.0005561038399379265	0.000600294977308197	0.003920412552880376	0.0003838749608769071	0.0005484197307315119	0.0004587291946243238	0.00043678169591144844	0.0005408894593815671	0.0006126275233163214	0.0004445521569566817	0.00043264041434805395	0.0004399976238089186	0.0004921196639228653	0.0013676712255024643	0.0062434312293405386	0.0006197966703104049	0.0003874266524266986	0.0011658214328792217	0.010311510967883259	0.0037710325091964373
FF8	134755	0.0004445074269656991	0.00028980229019513325	0.000609398295793211	0.00034543002281386373	0.00030497628630041034	0.0003390893477236968	0.00026818536302151475	0.0002575844612917354	0.00037238944495951806	0.001953221851463968	0.0002581260308749615	0.0010798416797558293	0.000642681475462824	0.0005418765190933655	0.0	0.0011564163872561115	0.0002936737471630141	0.00032682624586251503	0.00036042324982174447	0.0004010634596957461	0.0004163736504499807	0.004058955544724667	0.00020260722989081653	0.0004367249376463525	0.00042956637668782805	0.00035244288835019214	0.000270392473301311	0.0004855493125587912	0.00044666925104324285	0.0002846654065607701	0.00039982766863722854	0.00019301668162667924	0.0013077536250175855	0.006256473970949665	0.0005996570228984162	0.00033459980920644446	0.0012076712766869566	0.010214955421186	0.003688885683448414
FH11	134756	0.0011240556021784088	0.0010683279980084068	0.0016632212741145326	0.000931034531217338	0.0010318972671475798	0.0010094985524384769	0.0010133416723745606	0.0010421080284982519	0.0009022821590672537	0.001855125809677742	0.0009932712220018392	0.0014164931076593927	0.0012170175036518276	0.0008222955870487864	0.0011564163872561115	0.0	0.0010216115746101897	0.0009313775160066176	0.0012075905762257996	0.0010333049785228184	0.0011686691583266612	0.003708048684362529	0.0009872383503990866	0.000977936687055222	0.0009703459846712112	0.0009764826557822684	0.0010389991731791877	0.001108629887003184	0.0009974287833680593	0.0009500395627314263	0.0009825279603267567	0.0010879517196426465	0.0017794012058346678	0.006355738520828587	0.0010437813459258133	0.0009830993084381887	0.0012668662933176737	0.009918878644126302	0.0034309212935348275
FI2	134757	0.00040926508140378586	0.00019287053999279575	0.0007291140536956256	0.00022939208575944634	7.658362849994997e-05	0.0001192944052217381	0.0001033563292747572	0.0002466653979018713	0.00020562897230301394	0.0018910459521173616	0.00014098021709253023	0.0009356616749924948	0.0005691989363454418	0.000485187195686981	0.0002936737471630141	0.0010216115746101897	0.0	0.00020283370993278148	0.00022339149734864136	0.0002011241627629933	0.0005013836244387585	0.004096842951569458	0.00021698385733919892	0.00024143778676073254	0.0003793937350382991	0.00026603769818063353	0.00025462813064144885	0.00028211344675272695	0.0003299393347205361	0.00015627661723622402	0.0003046267055667153	0.00019683120657777232	0.0011813641741019445	0.0064543010586110275	0.0004419714569410294	0.0002240811315320725	0.0009588875373063588	0.010214027058552155	0.003717623358741119
FJ14	134758	0.000564589463998399	0.0002745290855595522	0.0007802805709325595	0.00014666566347834608	0.00017377937150860008	0.00014300925488292974	0.00016045291759195544	0.00022369455050030016	0.00014500033087957258	0.0017600793525538322	0.00013648479559472948	0.0008418794704137131	0.00047732608595576933	0.0003812941517985734	0.00032682624586251503	0.0009313775160066176	0.00020283370993278148	0.0	0.0003361241406643987	0.00019292559310199	0.0005180516774860634	0.003991332981190394	0.00021074521575374742	0.00023380052048017856	0.0002628301770962577	0.0001454242969681809	0.00029593022381039455	0.0003004281448647383	0.000299435616860116	0.00010522550559970549	0.00022279125255153086	0.0003432118808145933	0.0011364588203267257	0.006397844830653424	0.00038143725736655096	0.000127201191545684	0.001004607570123712	0.010281028150037414	0.003742089491504903
FL7	134759	0.00043925141040624375	0.000299356607638312	0.0007424449432359415	0.0003565723535872069	0.0002210226904686202	0.00028616445942565544	0.00021114863337883325	0.00033985122066239754	0.00033824649789368825	0.002051108812429758	0.00026398155817791637	0.001030006500912505	0.0006345005671868357	0.0005893044408193411	0.00036042324982174447	0.0012075905762257996	0.00022339149734864136	0.0003361241406643987	0.0	0.0003297840526985047	0.0005338549037783879	0.004156018360998279	0.0003221338508572868	0.00038205542819625424	0.0004982890288873325	0.00039928206470882526	0.0004056406111416665	0.0004010636357371103	0.0003748421606463879	0.0002737821283083803	0.0003795108577146288	0.000319563758402942	0.0013916818534522174	0.00646486678146391	0.0004884247198069727	0.000331373598831869	0.0010203436676934695	0.010191028233355597	0.003665664308675205
FM2	134760	0.0005261963838223069	0.0003066431935648518	0.0007697094142670952	0.00019809943825367844	0.00019738259559967197	0.00011212913637471107	0.0001955230351952325	0.00026133027954140385	0.0002100558914331465	0.0018111377538530822	0.00020297633276670975	0.0009513736305977053	0.0005010705551294131	0.0005561038399379265	0.0004010634596957461	0.0010333049785228184	0.0002011241627629933	0.00019292559310199	0.0003297840526985047	0.0	0.0005483199227381905	0.004079070396972617	0.0003052986079421035	0.00010330065504402915	0.00031523611776170977	0.0002627952497578571	0.00038623561339009356	0.0001639027395463654	0.00034919042867674556	0.0002091227578273147	0.0002811873899321416	0.0003834913640879073	0.001099185475030024	0.006448905157300809	0.00034714576259672664	0.00022616622451764474	0.0009727118163808947	0.01015948895423556	0.0036251109865092076
FO2	134762	0.0006642065875886781	0.0003970791870196158	0.0009302666845441773	0.0005537950010631277	0.0005112791829717712	0.0004886969056307604	0.0004739771543852559	0.00032770404241478035	0.0005057535788030426	0.0018309570390212168	0.0004887067231960907	0.0009085858314386262	0.0005612969206354877	0.000600294977308197	0.0004163736504499807	0.0011686691583266612	0.0005013836244387585	0.0005180516774860634	0.0005338549037783879	0.0005483199227381905	0.0	0.0037862770548722858	0.0004686743101694423	0.0005467127147493259	0.0005584315525598465	0.0004587825767929732	0.0005059741650866314	0.000645660591147374	0.00048241858180474335	0.0004627831151488483	0.0005487437525983523	0.00039503653840414145	0.0013817605540732587	0.006183548347597057	0.0005153167860112724	0.00047858940476086466	0.0011789602038599263	0.010007016842250555	0.003512809037389912
FP2	134763	0.004355674155915229	0.0039352801515262605	0.003675810564791455	0.004015346382761381	0.004044748206107634	0.00404067207163466	0.004060148556417495	0.00392486217621741	0.004043050275755644	0.0036944875885720567	0.003983996571831367	0.0035415903603565175	0.004134255019522592	0.003920412552880376	0.004058955544724667	0.003708048684362529	0.004096842951569458	0.003991332981190394	0.004156018360998279	0.004079070396972617	0.0037862770548722858	0.0	0.004040462086243122	0.0040805066900563985	0.0040193155937279165	0.003870335413639864	0.003955073712372021	0.004226929709179785	0.004008059075837182	0.003993201364785025	0.003978069677409026	0.0040101466138792105	0.004838609244156525	0.006019168299036468	0.003935222175587794	0.004032562434907795	0.0046501883453026515	0.010043574211805902	0.003573508156648324
FR8	134764	0.0005017995732538502	0.0003679719195030911	0.0007364584790014318	0.0002084907818209105	0.00024211160907609808	0.00025537762351443083	0.0001803860714817954	0.0002427779911171755	0.0002582465541750319	0.0017664026845661128	0.0001960484924072235	0.0009604744129073782	0.0005499759872116075	0.0003838749608769071	0.00020260722989081653	0.0009872383503990866	0.00021698385733919892	0.00021074521575374742	0.0003221338508572868	0.0003052986079421035	0.0004686743101694423	0.004040462086243122	0.0	0.00034242815411749	0.00031994212623678864	0.0002530466202492821	0.00027716990496446964	0.0004051036565813358	0.0003540133182872606	0.00020057232804826893	0.0002622488887417444	0.00023664442013715694	0.0011935871140001074	0.006329392265525602	0.0005033061415707855	0.00023060500037191012	0.0011084308169184592	0.010257661453606803	0.0037437427347173586
HA6	134765	0.0005778434393869093	0.0003338123175991918	0.0008488754500401331	0.0002318417827863937	0.000235283059251476	0.00016374064552842986	0.00023408064047093793	0.000283390492379823	0.00019006299614741527	0.0017276678449384452	0.00025176327553714975	0.00091245288372861	0.00047120846392474734	0.0005484197307315119	0.0004367249376463525	0.000977936687055222	0.00024143778676073254	0.00023380052048017856	0.00038205542819625424	0.00010330065504402915	0.0005467127147493259	0.0040805066900563985	0.00034242815411749	0.0	0.0002999149267634232	0.0003187835375452711	0.0003948330363054138	0.00014952269609726817	0.00032317640932130374	0.00023267855799790905	0.0002751399855663672	0.0004177362089797551	0.0010613545099272003	0.006483647780726507	0.0003071969385649484	0.00022153313182227564	0.0009073521709114981	0.01012593193441526	0.0036211690398679076
HD6	134766	0.0006845848405343207	0.0004324396234644569	0.0009501064396237743	0.00031520639778463976	0.0003848110244911823	0.0003204195219731839	0.0003409439380599874	0.0004009940588953372	0.0003581435423008569	0.0016283375406424899	0.00032208973068284963	0.0007204906049862961	0.0004282562285150576	0.0004587291946243238	0.00042956637668782805	0.0009703459846712112	0.0003793937350382991	0.0002628301770962577	0.0004982890288873325	0.00031523611776170977	0.0005584315525598465	0.0040193155937279165	0.00031994212623678864	0.0002999149267634232	0.0	0.00030805644894936956	0.0004687346479673495	0.0003297544305131323	0.0002965046201320792	0.00031986265919392294	0.00017999476626976186	0.00045031624498567625	0.0009781432641631875	0.006345887361508326	0.0003124211831041376	0.0002848633273653395	0.0009825600014309157	0.010298097120369611	0.003774360989353612
HE3	134767	0.0005926516815389234	0.00030341147135159595	0.0008007599612167301	0.0002538479621630647	0.0002415391454346199	0.00021958250430258153	0.00024448924828789976	0.00021273396932159293	0.00025983105644121056	0.0017304399592878725	0.00017477038800760996	0.0008596004392187738	0.0005470890076886639	0.00043678169591144844	0.00035244288835019214	0.0009764826557822684	0.00026603769818063353	0.0001454242969681809	0.00039928206470882526	0.0002627952497578571	0.0004587825767929732	0.003870335413639864	0.0002530466202492821	0.0003187835375452711	0.00030805644894936956	0.0	0.0002779838949433285	0.000391578247956291	0.0004296202583750249	0.00018923697265913142	0.00029088551085651383	0.0003388621025753316	0.0011403251200323575	0.006316486490759487	0.0004390583281128857	0.0002580553470181358	0.0010606296925225588	0.010239564470419642	0.003703651588553132
HF9	134768	0.000555584512582495	0.00024033494580939343	0.0006411408669807829	0.00034198581622412724	0.0002631518873911738	0.0003009319522015841	0.0003211928850393994	0.00032028511894667457	0.0003450329258365463	0.0019008416472000285	0.00025070116541089926	0.0010187441604623236	0.0007518022243170219	0.0005408894593815671	0.000270392473301311	0.0010389991731791877	0.00025462813064144885	0.00029593022381039455	0.0004056406111416665	0.00038623561339009356	0.0005059741650866314	0.003955073712372021	0.00027716990496446964	0.0003948330363054138	0.0004687346479673495	0.0002779838949433285	0.0	0.00045039732813969776	0.0005023243388223227	0.0003073417823796004	0.00037996862959845253	0.0001945317693672779	0.001200933215994045	0.006324358786590613	0.0006271842264739705	0.00039170172047433205	0.0011362316719906375	0.010191268196838956	0.003689551796037226
HH15	134769	0.0005139416899555934	0.00039373784174229307	0.0008639472913673492	0.0003091217536563128	0.0002899261748223757	0.00022279316312070032	0.0002913916089291059	0.0003856822729453184	0.00026877242408574115	0.0017976009978325348	0.0003191200941977981	0.0009364041841889323	0.00051328262258581	0.0006126275233163214	0.0004855493125587912	0.001108629887003184	0.00028211344675272695	0.0003004281448647383	0.0004010636357371103	0.0001639027395463654	0.000645660591147374	0.004226929709179785	0.0004051036565813358	0.00014952269609726817	0.0003297544305131323	0.000391578247956291	0.00045039732813969776	0.0	0.00036158103504428885	0.0003196972245719746	0.00031522978228899204	0.0004369676205763353	0.0010066013015584338	0.006550055316691685	0.00037155823057878775	0.0002889056002801962	0.0008431500382116396	0.010212850562204712	0.0036715941878214748
HI3	134770	0.0006734622470182109	0.000400757869684595	0.0008998230207524515	0.00025622687944647335	0.000329216493517185	0.00032681840112067247	0.00027649834008094184	0.0003666990267360416	0.00025990829150423383	0.001787101480452789	0.00029619701622224446	0.0008125899061733687	0.00039850607463880314	0.0004445521569566817	0.00044666925104324285	0.0009974287833680593	0.0003299393347205361	0.000299435616860116	0.0003748421606463879	0.00034919042867674556	0.00048241858180474335	0.004008059075837182	0.0003540133182872606	0.00032317640932130374	0.0002965046201320792	0.0004296202583750249	0.0005023243388223227	0.00036158103504428885	0.0	0.00026944532491469453	0.00021732960501300778	0.0004172305608765801	0.001238598082881957	0.006334568109782922	0.00030596206291949254	0.0001822235944144951	0.001047473095728957	0.010297512137031894	0.003738029579487692
HJ15	134771	0.0004983616553983765	0.00021002665687413607	0.0007369917735590187	0.00014941576889326456	0.00011055050762007525	0.00011732062846626001	8.916828639775798e-05	0.00017131027823574942	0.00012320953560886343	0.0018104344278038734	0.00010619548898008199	0.0008980742909813638	0.0004714124190248698	0.00043264041434805395	0.0002846654065607701	0.0009500395627314263	0.00015627661723622402	0.00010522550559970549	0.0002737821283083803	0.0002091227578273147	0.0004627831151488483	0.003993201364785025	0.00020057232804826893	0.00023267855799790905	0.00031986265919392294	0.00018923697265913142	0.0003073417823796004	0.0003196972245719746	0.00026944532491469453	0.0	0.00026283066579144056	0.0002937426447302572	0.0012174439382271398	0.006418884171784543	0.00034252885129331463	0.00012629478201069746	0.0009932967993396338	0.010213650198458175	0.003690728902532279
HL8	134772	0.0006510832208925354	0.00037761821647382934	0.0008256194485191113	0.00020202592470688313	0.0002898907355863081	0.0002766229586852111	0.0002491338810392821	0.00034647515822493484	0.00029148603287111575	0.0017340152482047332	0.00023334503102103376	0.0007677630765892749	0.00045822223160355425	0.0004399976238089186	0.00039982766863722854	0.0009825279603267567	0.0003046267055667153	0.00022279125255153086	0.0003795108577146288	0.0002811873899321416	0.0005487437525983523	0.003978069677409026	0.0002622488887417444	0.0002751399855663672	0.00017999476626976186	0.00029088551085651383	0.00037996862959845253	0.00031522978228899204	0.00021732960501300778	0.00026283066579144056	0.0	0.00038302734627636845	0.0010809013712942959	0.006347222138464499	0.0003237575684036144	0.00019357014267749778	0.0010493442978157348	0.010347661198546517	0.0038261940498198915
HM3	134773	0.0003920292613057866	0.0002252901906569385	0.0006833710851578227	0.0003425387650268564	0.0002466017506104119	0.0002865212589716116	0.0002529051178560705	0.00024079105054880182	0.000355386489110061	0.0019429990004495247	0.0002715689720248223	0.0009775959119368283	0.0006705562991238347	0.0004921196639228653	0.00019301668162667924	0.0010879517196426465	0.00019683120657777232	0.0003432118808145933	0.000319563758402942	0.0003834913640879073	0.00039503653840414145	0.0040101466138792105	0.00023664442013715694	0.0004177362089797551	0.00045031624498567625	0.0003388621025753316	0.0001945317693672779	0.0004369676205763353	0.0004172305608765801	0.0002937426447302572	0.00038302734627636845	0.0	0.0012701683993393323	0.006338938886925393	0.0005785745531179842	0.0003454435935730209	0.001050344602818616	0.010201027210671943	0.0037000740091782604
HN6	134774	0.0014247701241567217	0.0013073459822257806	0.0017566565643802995	0.0012006994225843997	0.0012105247901397541	0.0011246579325709057	0.001235715221808514	0.0012824254924420765	0.0011887012652622097	0.0015489534646717373	0.0011837078915513605	0.0013960148697909746	0.0009855239560158813	0.0013676712255024643	0.0013077536250175855	0.0017794012058346678	0.0011813641741019445	0.0011364588203267257	0.0013916818534522174	0.001099185475030024	0.0013817605540732587	0.004838609244156525	0.0011935871140001074	0.0010613545099272003	0.0009781432641631875	0.0011403251200323575	0.001200933215994045	0.0010066013015584338	0.001238598082881957	0.0012174439382271398	0.0010809013712942959	0.0012701683993393323	0.0	0.007089050428781353	0.0011759462933502332	0.001191742912860038	0.0012020338403199227	0.01044093426669553	0.0039606747550340275
H05	134775	0.00663265569905751	0.006351517516257975	0.005975780377091286	0.006399940102334007	0.006462729651666167	0.006449181463603193	0.0064126128910591135	0.006330432935412667	0.006439755325075028	0.006907297027225008	0.006373119224151674	0.006693983504903432	0.006491581505233663	0.0062434312293405386	0.006256473970949665	0.006355738520828587	0.0064543010586110275	0.006397844830653424	0.00646486678146391	0.006448905157300809	0.006183548347597057	0.006019168299036468	0.006329392265525602	0.006483647780726507	0.006345887361508326	0.006316486490759487	0.006324358786590613	0.006550055316691685	0.006334568109782922	0.006418884171784543	0.006347222138464499	0.006338938886925393	0.007089050428781353	0.0	0.006465218122253168	0.006393439461392975	0.0072225223544000764	0.008646422362606092	0.006483768146082257
HP3	134776	0.0007471638986101165	0.00042364718111698467	0.001025312472238769	0.0003577741429814908	0.00038540349651971584	0.0003545139129504896	0.00035239986542157786	0.00044922074436775934	0.00035985612923572876	0.0017077374460548037	0.0004146342327250373	0.0007288667676600676	0.00035793067522255773	0.0006197966703104049	0.0005996570228984162	0.0010437813459258133	0.0004419714569410294	0.00038143725736655096	0.0004884247198069727	0.00034714576259672664	0.0005153167860112724	0.003935222175587794	0.0005033061415707855	0.0003071969385649484	0.0003124211831041376	0.0004390583281128857	0.0006271842264739705	0.00037155823057878775	0.00030596206291949254	0.00034252885129331463	0.0003237575684036144	0.0005785745531179842	0.0011759462933502332	0.006465218122253168	0.0	0.0003326554008867098	0.0008417757288544272	0.01017960711873937	0.0036656737925462733
HR9	134777	0.00056457913833316	0.00028671214852822607	0.0007928378986862808	0.0001499769106977716	0.00020332742787951567	0.00018416398373230893	0.00014694524948753393	0.0002040752067819837	0.0001290791349351131	0.0017585656871121282	0.00017055386535375376	0.0008721798028419893	0.0003921665583208246	0.0003874266524266986	0.00033459980920644446	0.0009830993084381887	0.0002240811315320725	0.000127201191545684	0.000331373598831869	0.00022616622451764474	0.00047858940476086466	0.004032562434907795	0.00023060500037191012	0.00022153313182227564	0.0002848633273653395	0.0002580553470181358	0.00039170172047433205	0.0002889056002801962	0.0001822235944144951	0.00012629478201069746	0.00019357014267749778	0.0003454435935730209	0.001191742912860038	0.006393439461392975	0.0003326554008867098	0.0	0.0010000986971520978	0.010263824307009688	0.0037081706616131295
CN4	134747	0.0007836413429282052	0.0010121401138814714	0.0016396791520228737	0.0010211522126263133	0.0009613220761235306	0.0009538204714988291	0.0009743167269424302	0.0010469166408115325	0.000962064307514572	0.0020645444611915374	0.0010733515736767972	0.001236070066550258	0.0010069297557397934	0.0011658214328792217	0.0012076712766869566	0.0012668662933176737	0.0009588875373063588	0.001004607570123712	0.0010203436676934695	0.0009727118163808947	0.0011789602038599263	0.0046501883453026515	0.0011084308169184592	0.0009073521709114981	0.0009825600014309157	0.0010606296925225588	0.0011362316719906375	0.0008431500382116396	0.001047473095728957	0.0009932967993396338	0.0010493442978157348	0.001050344602818616	0.0012020338403199227	0.0072225223544000764	0.0008417757288544272	0.0010000986971520978	0.0	0.010122222122891444	0.003641507579289645
CO1	134748	0.010091382251166283	0.010110321668261363	0.009880621356459458	0.010232575850055027	0.010220486887035706	0.010193500813785662	0.01019364028486872	0.010102321143531703	0.010183837237786982	0.010156882775659558	0.010219631681392817	0.010100195771915121	0.010344531271394758	0.010311510967883259	0.010214955421186	0.009918878644126302	0.010214027058552155	0.010281028150037414	0.010191028233355597	0.01015948895423556	0.010007016842250555	0.010043574211805902	0.010257661453606803	0.01012593193441526	0.010298097120369611	0.010239564470419642	0.010191268196838956	0.010212850562204712	0.010297512137031894	0.010213650198458175	0.010347661198546517	0.010201027210671943	0.01044093426669553	0.008646422362606092	0.01017960711873937	0.010263824307009688	0.010122222122891444	0.0	0.006811491601430714
FN5	134761	0.0035742812275265158	0.00361846236310048	0.003354376963197919	0.003701948290145072	0.003721804443980787	0.0036849155793075845	0.0036729596809128217	0.0035777354260756455	0.003657847514791834	0.0036478349482285824	0.003698230033750375	0.003630343241198839	0.0038072276382067447	0.0037710325091964373	0.003688885683448414	0.0034309212935348275	0.003717623358741119	0.003742089491504903	0.003665664308675205	0.0036251109865092076	0.003512809037389912	0.003573508156648324	0.0037437427347173586	0.0036211690398679076	0.003774360989353612	0.003703651588553132	0.003689551796037226	0.0036715941878214748	0.003738029579487692	0.003690728902532279	0.0038261940498198915	0.0037000740091782604	0.0039606747550340275	0.006483768146082257	0.0036656737925462733	0.0037081706616131295	0.003641507579289645	0.006811491601430714	0.0
