CA4	134738	0	0.03224096446437205	0.04222119039466357	0.03827292654330426	0.043686837369888314	0.03731979020044403	0.029777139276567277	0.021161780376724098	0.030610948491475058	0.03349491855690573	0.21240027137558462	0.0711995073353106	0.040286108390592434	0.04619339447283655	0.05011698667157217	0.0518416244839926	0.03564811782546499	0.05777471764865467	0.03790767602939172	0.04520058652834904	0.036103651483725345	0.026054024409493694	0.1766834888107254	0.03593960396005267	0.18205755604440416	0.0358114174878208	0.02850553674694703	0.03481820658131138	0.042043123191959325	0.04506293459471021	0.024545102571198844	0.03738406501998239	0.03782458327690354	0.049531371004491134	0.03261654651474592	0.06643483079585831	0.19272974306099339	0.03617433149724204	0.03466195041914369
CD4	134739	0.03224096446437205	0	0.023396014144016142	0.016048643274213993	0.015431260890207304	0.012069923016506341	0.012111196445137477	0.020607167283574566	0.01501712643047139	0.04084021813790124	0.2118425891872011	0.07672849711374699	0.014515689093909758	0.041326424243849774	0.031137339787276886	0.037376793810813845	0.018085965129197724	0.06631510210549178	0.015037611221338062	0.020196079709660662	0.017587026003818996	0.025411920682477166	0.19192298501348445	0.04074651921947054	0.15864346424154618	0.02127147985144039	0.027242347694569242	0.020740632043355516	0.01775008632534224	0.02003809123174858	0.025325093007955827	0.01934634064686356	0.014026546170179347	0.02628868456036049	0.018555689578885627	0.05296388010402081	0.1801623983433068	0.025305718441922077	0.012536778214703809
CE11	134740	0.04222119039466357	0.023396014144016142	0	0.022341114094076474	0.02943438530222906	0.021869540096583574	0.024902640732721387	0.03049573412535442	0.027835141812881596	0.059778161685614256	0.21231867163692394	0.08547760741553123	0.021499780865388805	0.060468418932966395	0.04123732532723448	0.0501346695390914	0.021614652818360596	0.08381088298609606	0.02799626051947248	0.029046249958484635	0.022970327371486885	0.029389192722661443	0.19305149539015065	0.05442118595218823	0.16688688028052512	0.025837742515493544	0.03297679418030714	0.03321645388347708	0.029944253362415303	0.028827131722075888	0.03356393828337977	0.03230496398689867	0.02589487757634747	0.03686315725950234	0.03086286095169611	0.06268145650193356	0.17876479620206923	0.041729842514251	0.024852874404626323
CF7	134741	0.03827292654330426	0.016048643274213993	0.022341114094076474	0	0.021155226826993164	0.014999602774411864	0.011520726850714527	0.020879201802028954	0.012176015960910471	0.043623365764139686	0.21221813948202647	0.07317640831049867	0.015132909996010692	0.04493995928810201	0.029359005851268178	0.033750030569940255	0.019906830443525307	0.06978299396388853	0.019440572161003557	0.020274386816153837	0.020617098153546884	0.020765100208757298	0.19226423294219902	0.0476036320034936	0.16168889780363055	0.017896594241678655	0.023114414733739572	0.021571613183860746	0.018765186581758204	0.023682279190454427	0.02353318166033277	0.018163287328689395	0.017157623459647626	0.022333431659615707	0.022402520431211843	0.0533612015973302	0.18145405822060673	0.024174838461275647	0.011682354939617477
CH1	134742	0.043686837369888314	0.015431260890207304	0.02943438530222906	0.021155226826993164	0	0.013600186485700926	0.018021320632762596	0.030152785648324732	0.022489576761393158	0.049278172553288035	0.21184258918720103	0.08518674388201256	0.011513506044697652	0.050508745233361796	0.026706413437494574	0.03655179892233138	0.023509997689406873	0.07774157749298015	0.0073768124242216855	0.008898304947320435	0.019092270108741646	0.03156181838388232	0.20650899813831625	0.05354307021942284	0.1580465362468025	0.0193144784442504	0.03412277241003669	0.029825377702411646	0.014985530078777887	0.014512683904977439	0.031072807599952335	0.027186459603939717	0.010902512542958072	0.016449411695901615	0.01975973843935789	0.04851404099148459	0.1774057417623505	0.03596499493337887	0.018381408048992645
CI1	134743	0.03731979020044403	0.012069923016506341	0.021869540096583574	0.014999602774411864	0.013600186485700926	0	0.012359313741414368	0.021434450124644542	0.014814620155623162	0.0449133014727935	0.21184258918720125	0.07517619230484425	0.00797112965756429	0.04484227065493627	0.02642616507105967	0.03739918179075956	0.019536531065876137	0.07222532273151382	0.010502128522088025	0.014837507777795723	0.015545729681571021	0.019885594070282023	0.1964930676919492	0.047477175654136713	0.1619663060391154	0.015211963383622584	0.022166393466696212	0.020879231619074796	0.013054650612212953	0.017780258482929353	0.021931725007907403	0.021456778671822708	0.010598792715933902	0.022825043194625562	0.01890912788275258	0.04387263013596546	0.18295185692247648	0.02944374535546728	0.01255740465659371
CJ13	134744	0.029777139276567277	0.012111196445137477	0.024902640732721387	0.011520726850714527	0.018021320632762596	0.012359313741414368	0	0.014126123757279988	0.009855512168915167	0.03824347595095757	0.2118425891872012	0.07103108814189558	0.014614849225910413	0.03983063658101396	0.026346025981682987	0.03406555792362685	0.015059508982338954	0.06668628793658883	0.013799428739548677	0.021479259663065402	0.014507078134737094	0.018861522315397877	0.1888860673776875	0.03885266167218051	0.1640814778975501	0.01433240158800773	0.021343403549101567	0.017497736288775975	0.017988530784650902	0.02289282640842002	0.020141464013336285	0.014373971987976882	0.01579179748481768	0.02275172950898906	0.01696328600942167	0.052742365516384095	0.18051115111351065	0.02294699550916417	0.007919692724067897
CL6	134745	0.021161780376724098	0.020607167283574566	0.03049573412535442	0.020879201802028954	0.030152785648324732	0.021434450124644542	0.014126123757279988	0	0.014055319015599414	0.03899572736939946	0.21221832391097972	0.06250225589807265	0.02466992253532831	0.04066580609115846	0.030718349952109827	0.04099622918517596	0.021992237194558353	0.06007801528984105	0.026228146859049537	0.0298402615614394	0.02564983984494318	0.014639008127723622	0.1793472769526119	0.029168904242364926	0.165977915727257	0.020789273922369324	0.015373133540604746	0.02359693856868257	0.023829728665390196	0.03151982728436777	0.0184373289238458	0.022308341209911323	0.024124442458730216	0.03533281140507263	0.02477255968893161	0.06075493558410854	0.18580447375879872	0.0213038977267741	0.016292959558808256
CM1	134746	0.030610948491475058	0.01501712643047139	0.027835141812881596	0.012176015960910471	0.022489576761393158	0.014814620155623162	0.009855512168915167	0.014055319015599414	0	0.0362497015077853	0.21209662500027715	0.06626517573827181	0.017996796721402676	0.04308171483106315	0.029571482227354572	0.035315852585502794	0.0225822813383218	0.06240631246049137	0.020066774170497115	0.02121914392176563	0.02163921251629742	0.018047706181957293	0.1869837017191337	0.04160366344094483	0.16321333877622202	0.020460178678688316	0.017259367970813583	0.021051679782323165	0.018730031627803456	0.024628340412651183	0.018944041495000855	0.016295727732723884	0.016067978135831534	0.02965253673744427	0.025530357989514245	0.05440287080140559	0.1857832572380117	0.021781100253725986	0.010768769658673768
CN4	134747	0.03349491855690573	0.04084021813790124	0.059778161685614256	0.043623365764139686	0.049278172553288035	0.0449133014727935	0.03824347595095757	0.03899572736939946	0.0362497015077853	0	0.2118425891872011	0.07522937220486342	0.050734250125160744	0.04456495827182029	0.05246345552273324	0.05665960520651881	0.05233636292091515	0.059436060523599156	0.046049152922822634	0.05201555100256366	0.045545252197393554	0.043178600917275385	0.18377429630111156	0.0556212467744811	0.17806132464421584	0.04842713782754782	0.041572070845040644	0.04368735774644966	0.0479462721814841	0.052010335702625685	0.037926021752647324	0.04307032794215776	0.047335163576082945	0.053834699166429106	0.043044603371365064	0.05921361862557179	0.2087156364885362	0.034094609559664056	0.041932809596238886
CO1	134748	0.21240027137558462	0.2118425891872011	0.21231867163692394	0.21221813948202647	0.21184258918720103	0.21184258918720125	0.2118425891872012	0.21221832391097972	0.21209662500027715	0.2118425891872011	0	0.2128545253781322	0.21184258918720117	0.2118425891872012	0.21212618198402616	0.21298516921555735	0.21207690744170718	0.2118425891872012	0.21184258918720109	0.21239941777609703	0.21188235501209465	0.21276644162896685	0.22030158146377343	0.21184258918720109	0.23767258382643	0.2118425891872012	0.2118425891872011	0.21202067248957898	0.21245008143954044	0.21184258918720125	0.2131354114623543	0.2139788900267271	0.21184258918720117	0.2118425891872011	0.2118425891872012	0.2118425891872011	0.24272128321237268	0.21184258918720117	0.21367139834443022
CP1	134749	0.0711995073353106	0.07672849711374699	0.08547760741553123	0.07317640831049867	0.08518674388201256	0.07517619230484425	0.07103108814189558	0.06250225589807265	0.06626517573827181	0.07522937220486342	0.2128545253781322	0	0.0763050717543813	0.059042530561727605	0.07569111114051459	0.07239407007727024	0.0727486158732189	0.06661331088750137	0.08033722698781616	0.08067169748699073	0.08448128300411456	0.062155511859151545	0.17337677449383296	0.06780146370415806	0.15284022291594654	0.07147057518011919	0.05873033882429082	0.057160580403559286	0.07386730121963336	0.08133559649958108	0.06253783111690746	0.06459584354388252	0.07679246954540661	0.07612426682214792	0.07817201990411901	0.07346339351321161	0.1806094476522235	0.0640155080966621	0.06888147257265675
CR7	134750	0.040286108390592434	0.014515689093909758	0.021499780865388805	0.015132909996010692	0.011513506044697652	0.00797112965756429	0.014614849225910413	0.02466992253532831	0.017996796721402676	0.050734250125160744	0.21184258918720117	0.0763050717543813	0	0.047799075436551056	0.025511532542043285	0.035637641360874696	0.020353282466020955	0.07194100119040112	0.00913616743118759	0.011171431697458956	0.017137293163765444	0.023981954044207995	0.19960756332500892	0.04914829615314516	0.15866277396505993	0.015081204086680523	0.02827731989342078	0.021847654240566373	0.010298560029231081	0.0159247055338888	0.02777287339514047	0.021310139094310374	0.008185872501538757	0.019074733835966272	0.018921551785660188	0.0459973260134413	0.17842732970302994	0.032544669703387846	0.013531184414449691
FA5	134752	0.04619339447283655	0.041326424243849774	0.060468418932966395	0.04493995928810201	0.050508745233361796	0.04484227065493627	0.03983063658101396	0.04066580609115846	0.04308171483106315	0.04456495827182029	0.2118425891872012	0.059042530561727605	0.047799075436551056	0	0.04270876215206303	0.04866620356734712	0.049315170566323896	0.06735872682293882	0.046441895775172326	0.05309780959082535	0.04677400305499609	0.042209996693429154	0.18179169701383835	0.04179184801239884	0.14750506743895725	0.046203207511143825	0.042703579203307855	0.03290943761894777	0.04499687582832202	0.050968045478655806	0.03806582811837409	0.03278397348691433	0.04976650529111861	0.03806708787708662	0.04120079121437317	0.05945933132290128	0.1772011177498085	0.031409731059057824	0.04020195541307434
FD5	134753	0.05011698667157217	0.031137339787276886	0.04123732532723448	0.029359005851268178	0.026706413437494574	0.02642616507105967	0.026346025981682987	0.030718349952109827	0.029571482227354572	0.05246345552273324	0.21212618198402616	0.07569111114051459	0.025511532542043285	0.04270876215206303	0	0.03686307570328889	0.029535429029563555	0.08235534750897604	0.02536418270894934	0.02382367202196239	0.027514069588016776	0.03705996755838296	0.20308435525826826	0.04621928401875156	0.15557556527456196	0.02379274309184139	0.037068298570165345	0.027470397585442702	0.02372455449101343	0.029269245250347006	0.037506887581850085	0.02692097536371985	0.023060073348540586	0.02072184606358266	0.028668517301502227	0.045651205088341314	0.17403762302229972	0.03381548635485243	0.021937879885405808
FE10	134754	0.0518416244839926	0.037376793810813845	0.0501346695390914	0.033750030569940255	0.03655179892233138	0.03739918179075956	0.03406555792362685	0.04099622918517596	0.035315852585502794	0.05665960520651881	0.21298516921555735	0.07239407007727024	0.035637641360874696	0.04866620356734712	0.03686307570328889	0	0.03557062661201918	0.07065991271570113	0.03300604088696879	0.03608879418765721	0.0354496115301168	0.04905869586395693	0.19907867401318752	0.047212141369703156	0.14968019758428522	0.028137047070836776	0.04979744189543639	0.03923778011042504	0.030128017218979238	0.03296027160521819	0.04868214099643003	0.03665296273446129	0.034342803537434775	0.033839802234548626	0.02678015923073609	0.06178762656337845	0.1651876310731023	0.04353525382260364	0.0329336367980263
FF8	134755	0.03564811782546499	0.018085965129197724	0.021614652818360596	0.019906830443525307	0.023509997689406873	0.019536531065876137	0.015059508982338954	0.021992237194558353	0.0225822813383218	0.05233636292091515	0.21207690744170718	0.0727486158732189	0.020353282466020955	0.049315170566323896	0.029535429029563555	0.03557062661201918	0	0.07366125262435651	0.019487052484160747	0.025137312218876762	0.02061633415400808	0.028555889375124332	0.1927783350050151	0.040234795738040154	0.16575743008117053	0.011986658690436885	0.03018481641997621	0.02098251359547894	0.022673769381619364	0.02196022964112486	0.028178746541881957	0.02456563351752238	0.022721341489959218	0.028526716289907893	0.016350500499633817	0.050978974785532295	0.1692449842363767	0.03607747379012184	0.016309927467099312
FH11	134756	0.05777471764865467	0.06631510210549178	0.08381088298609606	0.06978299396388853	0.07774157749298015	0.07222532273151382	0.06668628793658883	0.06007801528984105	0.06240631246049137	0.059436060523599156	0.2118425891872012	0.06661331088750137	0.07194100119040112	0.06735872682293882	0.08235534750897604	0.07065991271570113	0.07366125262435651	0	0.0753089740906994	0.07654164076271586	0.07950498574665789	0.06289218125863975	0.15459822792545058	0.057083799867989705	0.15823475920070437	0.07262741251077148	0.05916852650706321	0.06342830655326172	0.06907300528555373	0.07532699885348879	0.06580284503276877	0.06463386483549903	0.06942870279885863	0.07809256454659907	0.07151696678266468	0.09839043174314618	0.19558478372583885	0.055791062976925945	0.06808559061295283
FI2	134757	0.03790767602939172	0.015037611221338062	0.02799626051947248	0.019440572161003557	0.0073768124242216855	0.010502128522088025	0.013799428739548677	0.026228146859049537	0.020066774170497115	0.046049152922822634	0.21184258918720109	0.08033722698781616	0.00913616743118759	0.046441895775172326	0.02536418270894934	0.03300604088696879	0.019487052484160747	0.0753089740906994	0	0.014363757128358332	0.015145107196530108	0.02789518147557204	0.20148394182090912	0.04928044486305846	0.16208515915003677	0.014858781087928357	0.03105070229070571	0.025947151434214118	0.013909284965778087	0.012672256717082334	0.02706166403579345	0.023883948070058884	0.011715678360200522	0.01823145912900315	0.013195313269500956	0.04387405733971461	0.17834375619041418	0.035743752064605366	0.016212949581523226
FJ14	134758	0.04520058652834904	0.020196079709660662	0.029046249958484635	0.020274386816153837	0.008898304947320435	0.014837507777795723	0.021479259663065402	0.0298402615614394	0.02121914392176563	0.05201555100256366	0.21239941777609703	0.08067169748699073	0.011171431697458956	0.05309780959082535	0.02382367202196239	0.03608879418765721	0.025137312218876762	0.07654164076271586	0.014363757128358332	0	0.02404200248129456	0.030684824468838467	0.20752587017873944	0.05462490869214236	0.1547705593005542	0.02037248056030129	0.03428434804394759	0.026609613117952107	0.012076818551727776	0.018906312263805992	0.032867745540258494	0.028647476559309756	0.009924489765118427	0.02017509994720469	0.02478860257689348	0.0503848385334051	0.17848361263332668	0.03668173247398151	0.01792888876392419
FL7	134759	0.036103651483725345	0.017587026003818996	0.022970327371486885	0.020617098153546884	0.019092270108741646	0.015545729681571021	0.014507078134737094	0.02564983984494318	0.02163921251629742	0.045545252197393554	0.21188235501209465	0.08448128300411456	0.017137293163765444	0.04677400305499609	0.027514069588016776	0.0354496115301168	0.02061633415400808	0.07950498574665789	0.015145107196530108	0.02404200248129456	0	0.027603962971182255	0.19634656597612005	0.045611858280164674	0.16486084298341436	0.016987568377920866	0.031058778883335005	0.029119916824513672	0.021469173977621943	0.023063728097462034	0.02784100768862683	0.022618020861100315	0.01940024209277793	0.023289899756906166	0.016254355899181103	0.05572693639666434	0.1782283789556913	0.032665459608606874	0.018065623773696412
FM2	134760	0.026054024409493694	0.025411920682477166	0.029389192722661443	0.020765100208757298	0.03156181838388232	0.019885594070282023	0.018861522315397877	0.014639008127723622	0.018047706181957293	0.043178600917275385	0.21276644162896685	0.062155511859151545	0.023981954044207995	0.042209996693429154	0.03705996755838296	0.04905869586395693	0.028555889375124332	0.06289218125863975	0.02789518147557204	0.030684824468838467	0.027603962971182255	0	0.17714823938559635	0.03829456790133889	0.17095927268923375	0.027213359127974582	0.006902514142723052	0.02211707387623158	0.02705316101987088	0.032957843321267256	0.008759360500542943	0.025232637991973398	0.026772658261462846	0.03442219973797601	0.03461348057923607	0.05209510257780112	0.18868263351227282	0.019920516496898476	0.021297539660272025
FN5	134761	0.1766834888107254	0.19192298501348445	0.19305149539015065	0.19226423294219902	0.20650899813831625	0.1964930676919492	0.1888860673776875	0.1793472769526119	0.1869837017191337	0.18377429630111156	0.22030158146377343	0.17337677449383296	0.19960756332500892	0.18179169701383835	0.20308435525826826	0.19907867401318752	0.1927783350050151	0.15459822792545058	0.20148394182090912	0.20752587017873944	0.19634656597612005	0.17714823938559635	0	0.16439909297052155	0.2455621301775148	0.19700639711819148	0.1758013454689355	0.18911285145718326	0.20021325061794215	0.20284906993171642	0.17922520221370797	0.18819764265084693	0.2009700286034075	0.2055827619980411	0.19779063650710146	0.20026569246097645	0.25429799426934097	0.17928500344484422	0.19132814144390653
FO2	134762	0.03593960396005267	0.04074651921947054	0.05442118595218823	0.0476036320034936	0.05354307021942284	0.047477175654136713	0.03885266167218051	0.029168904242364926	0.04160366344094483	0.0556212467744811	0.21184258918720109	0.06780146370415806	0.04914829615314516	0.04179184801239884	0.04621928401875156	0.047212141369703156	0.040234795738040154	0.057083799867989705	0.04928044486305846	0.05462490869214236	0.045611858280164674	0.03829456790133889	0.16439909297052155	0	0.16729154327270493	0.043404942162656536	0.03685143758070431	0.042193889092052655	0.04920175380217096	0.054427775348425154	0.04063801522555135	0.03950160562383155	0.049110090024130006	0.05341616148348238	0.04349840935848295	0.07296929937384328	0.18110794597549754	0.03504652554547327	0.04050363768403787
FP2	134763	0.18205755604440416	0.15864346424154618	0.16688688028052512	0.16168889780363055	0.1580465362468025	0.1619663060391154	0.1640814778975501	0.165977915727257	0.16321333877622202	0.17806132464421584	0.23767258382643	0.15284022291594654	0.15866277396505993	0.14750506743895725	0.15557556527456196	0.14968019758428522	0.16575743008117053	0.15823475920070437	0.16208515915003677	0.1547705593005542	0.16486084298341436	0.17095927268923375	0.2455621301775148	0.16729154327270493	0	0.16231874311162264	0.17190184274139103	0.15934561535853292	0.15181803608110978	0.1574088264648117	0.1751494404014298	0.15721580797567175	0.15696748444301847	0.15095228988094203	0.16045323861048374	0.18326654993491973	0.13013654114601877	0.15727023689324726	0.16102994199913065
FR8	134764	0.0358114174878208	0.02127147985144039	0.025837742515493544	0.017896594241678655	0.0193144784442504	0.015211963383622584	0.01433240158800773	0.020789273922369324	0.020460178678688316	0.04842713782754782	0.2118425891872012	0.07147057518011919	0.015081204086680523	0.046203207511143825	0.02379274309184139	0.028137047070836776	0.011986658690436885	0.07262741251077148	0.014858781087928357	0.02037248056030129	0.016987568377920866	0.027213359127974582	0.19700639711819148	0.043404942162656536	0.16231874311162264	0	0.030188835429851277	0.019557459731363087	0.015547250074247001	0.017692735375542473	0.029422666607334984	0.024389218842490335	0.01763888770133801	0.020548884578439407	0.01132631657620854	0.04749034093589433	0.17236475906299933	0.03604508653493655	0.015341250337877864
HA6	134765	0.02850553674694703	0.027242347694569242	0.03297679418030714	0.023114414733739572	0.03412277241003669	0.022166393466696212	0.021343403549101567	0.015373133540604746	0.017259367970813583	0.041572070845040644	0.2118425891872011	0.05873033882429082	0.02827731989342078	0.042703579203307855	0.037068298570165345	0.04979744189543639	0.03018481641997621	0.05916852650706321	0.03105070229070571	0.03428434804394759	0.031058778883335005	0.006902514142723052	0.1758013454689355	0.03685143758070431	0.17190184274139103	0.030188835429851277	0	0.023405431634915052	0.03147587981654862	0.03452556980792974	0.009996928868518001	0.02565037428725816	0.02914036427968316	0.036159002847600465	0.036443907591328165	0.05184124376034745	0.19077856003301877	0.01973290014198942	0.0226538857085218
HD6	134766	0.03481820658131138	0.020740632043355516	0.03321645388347708	0.021571613183860746	0.029825377702411646	0.020879231619074796	0.017497736288775975	0.02359693856868257	0.021051679782323165	0.04368735774644966	0.21202067248957898	0.057160580403559286	0.021847654240566373	0.03290943761894777	0.027470397585442702	0.03923778011042504	0.02098251359547894	0.06342830655326172	0.025947151434214118	0.026609613117952107	0.029119916824513672	0.02211707387623158	0.18911285145718326	0.042193889092052655	0.15934561535853292	0.019557459731363087	0.023405431634915052	0	0.020537689160785452	0.030227918278912823	0.022262769447250606	0.016476785024713045	0.023934826950637724	0.022730830754187695	0.025096957479478824	0.04359090490259131	0.17615320408142984	0.023336609443198618	0.01671883498305477
HE3	134767	0.042043123191959325	0.01775008632534224	0.029944253362415303	0.018765186581758204	0.014985530078777887	0.013054650612212953	0.017988530784650902	0.023829728665390196	0.018730031627803456	0.0479462721814841	0.21245008143954044	0.07386730121963336	0.010298560029231081	0.04499687582832202	0.02372455449101343	0.030128017218979238	0.022673769381619364	0.06907300528555373	0.013909284965778087	0.012076818551727776	0.021469173977621943	0.02705316101987088	0.20021325061794215	0.04920175380217096	0.15181803608110978	0.015547250074247001	0.03147587981654862	0.020537689160785452	0	0.013720605104163116	0.030867357762134263	0.027829643731256595	0.010397923504926791	0.01910955097795326	0.01780156307378664	0.04453976834129722	0.1774123351234294	0.03300203315133443	0.016274360807938766
HF9	134768	0.04506293459471021	0.02003809123174858	0.028827131722075888	0.023682279190454427	0.014512683904977439	0.017780258482929353	0.02289282640842002	0.03151982728436777	0.024628340412651183	0.052010335702625685	0.21184258918720125	0.08133559649958108	0.0159247055338888	0.050968045478655806	0.029269245250347006	0.03296027160521819	0.02196022964112486	0.07532699885348879	0.012672256717082334	0.018906312263805992	0.023063728097462034	0.032957843321267256	0.20284906993171642	0.054427775348425154	0.1574088264648117	0.017692735375542473	0.03452556980792974	0.030227918278912823	0.013720605104163116	0	0.032645077156776614	0.03382195225777701	0.018635516348152928	0.019372146542573042	0.01474574085196775	0.04411823470913526	0.17397363923835	0.04187458557189324	0.024203658659941802
HH15	134769	0.024545102571198844	0.025325093007955827	0.03356393828337977	0.02353318166033277	0.031072807599952335	0.021931725007907403	0.020141464013336285	0.0184373289238458	0.018944041495000855	0.037926021752647324	0.2131354114623543	0.06253783111690746	0.02777287339514047	0.03806582811837409	0.037506887581850085	0.04868214099643003	0.028178746541881957	0.06580284503276877	0.02706166403579345	0.032867745540258494	0.02784100768862683	0.008759360500542943	0.17922520221370797	0.04063801522555135	0.1751494404014298	0.029422666607334984	0.009996928868518001	0.022262769447250606	0.030867357762134263	0.032645077156776614	0	0.024857099566004865	0.030027657143191944	0.032519836380524386	0.03222760177559123	0.04649278740828122	0.18937563302964175	0.020486348367471457	0.022484836380035678
HI3	134770	0.03738406501998239	0.01934634064686356	0.03230496398689867	0.018163287328689395	0.027186459603939717	0.021456778671822708	0.014373971987976882	0.022308341209911323	0.016295727732723884	0.04307032794215776	0.2139788900267271	0.06459584354388252	0.021310139094310374	0.03278397348691433	0.02692097536371985	0.03665296273446129	0.02456563351752238	0.06463386483549903	0.023883948070058884	0.028647476559309756	0.022618020861100315	0.025232637991973398	0.18819764265084693	0.03950160562383155	0.15721580797567175	0.024389218842490335	0.02565037428725816	0.016476785024713045	0.027829643731256595	0.03382195225777701	0.024857099566004865	0	0.024011862318567136	0.022134343565393674	0.026633805418812745	0.056258242453496025	0.17405864721824157	0.02075650474840193	0.011654543482672228
HJ15	134771	0.03782458327690354	0.014026546170179347	0.02589487757634747	0.017157623459647626	0.010902512542958072	0.010598792715933902	0.01579179748481768	0.024124442458730216	0.016067978135831534	0.047335163576082945	0.21184258918720117	0.07679246954540661	0.008185872501538757	0.04976650529111861	0.023060073348540586	0.034342803537434775	0.022721341489959218	0.06942870279885863	0.011715678360200522	0.009924489765118427	0.01940024209277793	0.026772658261462846	0.2009700286034075	0.049110090024130006	0.15696748444301847	0.01763888770133801	0.02914036427968316	0.023934826950637724	0.010397923504926791	0.018635516348152928	0.030027657143191944	0.024011862318567136	0	0.022401451132972896	0.021868853216167737	0.04945201342951312	0.18117766076365782	0.030311078062828966	0.013725737996472588
HL8	134772	0.049531371004491134	0.02628868456036049	0.03686315725950234	0.022333431659615707	0.016449411695901615	0.022825043194625562	0.02275172950898906	0.03533281140507263	0.02965253673744427	0.053834699166429106	0.2118425891872011	0.07612426682214792	0.019074733835966272	0.03806708787708662	0.02072184606358266	0.033839802234548626	0.028526716289907893	0.07809256454659907	0.01823145912900315	0.02017509994720469	0.023289899756906166	0.03442219973797601	0.2055827619980411	0.05341616148348238	0.15095228988094203	0.020548884578439407	0.036159002847600465	0.022730830754187695	0.01910955097795326	0.019372146542573042	0.032519836380524386	0.022134343565393674	0.022401451132972896	0	0.021348552849628895	0.043096924076297415	0.16667910835211278	0.033035887336611724	0.021241674777061226
HM3	134773	0.03261654651474592	0.018555689578885627	0.03086286095169611	0.022402520431211843	0.01975973843935789	0.01890912788275258	0.01696328600942167	0.02477255968893161	0.025530357989514245	0.043044603371365064	0.2118425891872012	0.07817201990411901	0.018921551785660188	0.04120079121437317	0.028668517301502227	0.02678015923073609	0.016350500499633817	0.07151696678266468	0.013195313269500956	0.02478860257689348	0.016254355899181103	0.03461348057923607	0.19779063650710146	0.04349840935848295	0.16045323861048374	0.01132631657620854	0.036443907591328165	0.025096957479478824	0.01780156307378664	0.01474574085196775	0.03222760177559123	0.026633805418812745	0.021868853216167737	0.021348552849628895	0	0.04806505393062389	0.17263935749531475	0.037521731783421476	0.02009245546075082
HN6	134774	0.06643483079585831	0.05296388010402081	0.06268145650193356	0.0533612015973302	0.04851404099148459	0.04387263013596546	0.052742365516384095	0.06075493558410854	0.05440287080140559	0.05921361862557179	0.2118425891872011	0.07346339351321161	0.0459973260134413	0.05945933132290128	0.045651205088341314	0.06178762656337845	0.050978974785532295	0.09839043174314618	0.04387405733971461	0.0503848385334051	0.05572693639666434	0.05209510257780112	0.20026569246097645	0.07296929937384328	0.18326654993491973	0.04749034093589433	0.05184124376034745	0.04359090490259131	0.04453976834129722	0.04411823470913526	0.04649278740828122	0.056258242453496025	0.04945201342951312	0.043096924076297415	0.04806505393062389	0	0.19010190904600985	0.05961961465491321	0.05158902728164143
H05	134775	0.19272974306099339	0.1801623983433068	0.17876479620206923	0.18145405822060673	0.1774057417623505	0.18295185692247648	0.18051115111351065	0.18580447375879872	0.1857832572380117	0.2087156364885362	0.24272128321237268	0.1806094476522235	0.17842732970302994	0.1772011177498085	0.17403762302229972	0.1651876310731023	0.1692449842363767	0.19558478372583885	0.17834375619041418	0.17848361263332668	0.1782283789556913	0.18868263351227282	0.25429799426934097	0.18110794597549754	0.13013654114601877	0.17236475906299933	0.19077856003301877	0.17615320408142984	0.1774123351234294	0.17397363923835	0.18937563302964175	0.17405864721824157	0.18117766076365782	0.16667910835211278	0.17263935749531475	0.19010190904600985	0	0.1864340696738113	0.17937981990218924
HP3	134776	0.03617433149724204	0.025305718441922077	0.041729842514251	0.024174838461275647	0.03596499493337887	0.02944374535546728	0.02294699550916417	0.0213038977267741	0.021781100253725986	0.034094609559664056	0.21184258918720117	0.0640155080966621	0.032544669703387846	0.031409731059057824	0.03381548635485243	0.04353525382260364	0.03607747379012184	0.055791062976925945	0.035743752064605366	0.03668173247398151	0.032665459608606874	0.019920516496898476	0.17928500344484422	0.03504652554547327	0.15727023689324726	0.03604508653493655	0.01973290014198942	0.023336609443198618	0.03300203315133443	0.04187458557189324	0.020486348367471457	0.02075650474840193	0.030311078062828966	0.033035887336611724	0.037521731783421476	0.05961961465491321	0.1864340696738113	0	0.023596236253714865
HR9	134777	0.03466195041914369	0.012536778214703809	0.024852874404626323	0.011682354939617477	0.018381408048992645	0.01255740465659371	0.007919692724067897	0.016292959558808256	0.010768769658673768	0.041932809596238886	0.21367139834443022	0.06888147257265675	0.013531184414449691	0.04020195541307434	0.021937879885405808	0.0329336367980263	0.016309927467099312	0.06808559061295283	0.016212949581523226	0.01792888876392419	0.018065623773696412	0.021297539660272025	0.19132814144390653	0.04050363768403787	0.16102994199913065	0.015341250337877864	0.0226538857085218	0.01671883498305477	0.016274360807938766	0.024203658659941802	0.022484836380035678	0.011654543482672228	0.013725737996472588	0.021241674777061226	0.02009245546075082	0.05158902728164143	0.17937981990218924	0.023596236253714865	0
