CA4	134738	0	0.06090283331112438	0.09229946952278494	0.07500711364554084	0.06898537025220247	0.06919288402415906	0.057658503180731485	0.052288278681535995	0.06539285789710853	0.06466174023735012	0.5703444429854047	0.1882082445216026	0.06885481014068484	0.09875587291399572	0.10086345641740696	0.08420710348243816	0.06790720127604245	0.12009774276707073	0.0626842065774483	0.07639172047706075	0.06736064124761637	0.06721530551040984	0.6086797111776395	0.06453615293585074	0.3745860706680109	0.06508016610190448	0.07002945830195899	0.07151299737464878	0.0743192115825671	0.07731031433638362	0.06525461469904192	0.07345100118489349	0.06727579005861421	0.0777258265550818	0.05822187972365091	0.13439960995358358	0.4277597949504037	0.0780580071625952	0.06675587584011096
CD4	134739	0.06090283331112438	0	0.054275367662891774	0.03223072183621731	0.018531379233942775	0.022445391209185168	0.019350477736254233	0.0276168830022855	0.023984230623251664	0.09695054921838883	0.5903661403715503	0.18417617401032663	0.022734457967617347	0.08569639988011078	0.06222863113365821	0.05638100238170493	0.028555886878090884	0.14323987459209792	0.019377200284286498	0.028082996247917616	0.02679700445728325	0.03499505158031123	0.6320012192102389	0.05569810182257312	0.34328705813346805	0.034176873164781636	0.03665308376896088	0.03340626252201985	0.027612556191680637	0.026279444133155874	0.036579363288241046	0.033091136846487776	0.02210333375768714	0.036655074445394516	0.02611417317495572	0.10089959626511533	0.397321024587057	0.03734296651776625	0.02332057479583796
CE11	134740	0.09229946952278494	0.054275367662891774	0	0.05525792520565417	0.058842041769808784	0.053158604269424065	0.05363428974183596	0.05312950743791546	0.056648915254693406	0.1436482637077952	0.5893579921270943	0.2020422845554836	0.05058584865240452	0.13096981079119213	0.09668158235975333	0.09397432744145763	0.05127918978894735	0.18629472077211703	0.059331440705934664	0.058668855952238405	0.05403847309865618	0.05079963688408684	0.6265064513743018	0.09112139506012604	0.33611604556421437	0.05826141047204892	0.056519106955457574	0.06733052986523437	0.06057552154753901	0.05626312297875878	0.06000885284728953	0.06633354515607359	0.05515850839159457	0.06863109010764085	0.06368372460540893	0.13313594186548963	0.3914934876588263	0.07497112013575298	0.057774206709231384
CF7	134741	0.07500711364554084	0.03223072183621731	0.05525792520565417	0	0.02633598769203481	0.023421229629139874	0.020134526220872025	0.030400339743677465	0.019571655241846595	0.11010659357577035	0.5982471580691908	0.17438909208391676	0.020884568928990543	0.09607302568378567	0.057382519739450244	0.05265327051028247	0.03541209666357925	0.15005102094080724	0.02760427459849118	0.022782488390109323	0.03174390163924723	0.0257522484365489	0.6347826459748341	0.0710515400119235	0.3445207472608751	0.025546388852578646	0.03039317437021034	0.035496644016063755	0.02490625642322157	0.03265463472789645	0.033538137837028165	0.030500663344560138	0.022747401124797322	0.027781253327975104	0.03384026265144893	0.1027330657435316	0.4002615696548153	0.03688833727711346	0.020579038049195503
CH1	134742	0.06898537025220247	0.018531379233942775	0.058842041769808784	0.02633598769203481	0	0.0154626326884685	0.017191633049074437	0.03182330406408209	0.0238807610347802	0.10479495946671501	0.603246327483646	0.1849946044304391	0.015006639440667095	0.09404136357697687	0.05327476954419741	0.059855450221927245	0.031191223036551797	0.15284771297297872	0.010534702654349538	0.014897055462689431	0.02349945931594825	0.03242201870643302	0.644022890690767	0.06826915287324713	0.35474450567936794	0.026107218057919324	0.034248052389160115	0.03948639439116656	0.021358184893885437	0.021678885705870617	0.034931918483746056	0.03687482533237263	0.01505557949336245	0.02573792748558753	0.02868424793165995	0.10006621202754286	0.39738172876942235	0.04280371860549711	0.022697464123646267
CI1	134743	0.06919288402415906	0.022445391209185168	0.053158604269424065	0.023421229629139874	0.0154626326884685	0	0.016689887639735494	0.025779269098040618	0.019940789193469102	0.10526817114476594	0.5980926077060448	0.17701695054228997	0.011722524454600383	0.09368187213532952	0.05504442458014173	0.06209237568388297	0.03092510734716586	0.15033128843982352	0.014570958631283838	0.017076851824689824	0.025168792029524132	0.01893237456134081	0.6374995701494681	0.06683967669669348	0.3525494821935706	0.023674221026047545	0.02223963046781642	0.03124522589279195	0.018079725195957692	0.024135357045004534	0.02572788550090768	0.03520703842849042	0.014391197573902385	0.031264789600057595	0.03160608710543278	0.09090330946592944	0.4037683356195205	0.03894658923898192	0.020119338472613806
CJ13	134744	0.057658503180731485	0.019350477736254233	0.05363428974183596	0.020134526220872025	0.017191633049074437	0.016689887639735494	0	0.01966522583583157	0.015488525309808935	0.099812237076299	0.5930466556641961	0.17538470006399998	0.018216778276775113	0.08783637300341915	0.051887726386820404	0.046734139160557596	0.021565661858961152	0.1466553540632016	0.01487025736471905	0.023794945255398985	0.01879271611882408	0.025577598913643643	0.6309364642306862	0.056812388857395445	0.3496120604581723	0.018469143370405745	0.028639427550002153	0.02896772961149884	0.022505981187422155	0.028550338678156557	0.02833934018027912	0.025337609840554796	0.01833028590206147	0.026542784408530036	0.022193373787680024	0.0973349130590866	0.3974598765220631	0.03300009031284842	0.012634013501822068
CL6	134745	0.052288278681535995	0.0276168830022855	0.05312950743791546	0.030400339743677465	0.03182330406408209	0.025779269098040618	0.01966522583583157	0	0.02150012027011933	0.09879178879162606	0.5860661577851651	0.16507133582232728	0.02490053592996264	0.09084160103204729	0.05750636188909442	0.05564497156711811	0.029186269970782542	0.14365423808397176	0.029959189357965738	0.029297292262780453	0.032805029536411255	0.02365939040756275	0.6234384294829364	0.046649342099119764	0.3390551549665152	0.024488448023128984	0.024774912250969467	0.03342337923008409	0.025114639112715217	0.03818585519890172	0.0325285919066063	0.03369609954256393	0.024395200273705217	0.03936411536689282	0.03080128037585876	0.10719617570016501	0.40399133621694444	0.03779693580947198	0.021156489126730963
CM1	134746	0.06539285789710853	0.023984230623251664	0.056648915254693406	0.019571655241846595	0.0238807610347802	0.019940789193469102	0.015488525309808935	0.02150012027011933	0	0.098962848525274	0.5929012145591386	0.16775365146978127	0.02113938527949117	0.09207170812047501	0.05476392975160362	0.04857215377161714	0.03315752986545693	0.13977015594804212	0.023835574872962704	0.0201573424607115	0.02994346195698606	0.024699786162842685	0.6300645328828947	0.06459912432334139	0.3470650661373933	0.02703935010673205	0.023078200760745477	0.03221168868222334	0.021504136020139442	0.03177537415716455	0.027673638880927325	0.02781074860897304	0.017535149151191285	0.03681737080916897	0.03557006721686236	0.09846640674784676	0.40574823697280854	0.03526988544936318	0.015705339329529586
CN4	134747	0.06466174023735012	0.09695054921838883	0.1436482637077952	0.11010659357577035	0.10479495946671501	0.10526817114476594	0.099812237076299	0.09879178879162606	0.098962848525274	0	0.5612118560965008	0.19601129647786877	0.11095294746279283	0.10957077531624636	0.13016202945145164	0.11781927368743352	0.11653450946584747	0.12471166316325746	0.10125243844782351	0.10935093123791109	0.11041086233638228	0.10594144260681167	0.6043157266740483	0.10320345790737838	0.3823118674834978	0.11200813046840881	0.09986153575993952	0.10144742450931898	0.10943968633178015	0.11290070615737204	0.09733835044442438	0.10772388662639469	0.10393004846614166	0.11682942643882117	0.1013442914235806	0.13508218747438977	0.47515974277953327	0.08993266646371742	0.10455526132903532
CO1	134748	0.5703444429854047	0.5903661403715503	0.5893579921270943	0.5982471580691908	0.603246327483646	0.5980926077060448	0.5930466556641961	0.5860661577851651	0.5929012145591386	0.5612118560965008	0	0.5458906350118018	0.6018058632311432	0.5646554113512078	0.6128544699967252	0.5957254279131499	0.5951077329556237	0.5391570581067109	0.5989652118282672	0.609487753569923	0.5990982607624208	0.5869728138181673	0.5693824291173469	0.5651703425926703	0.5248189529445871	0.5977985112736294	0.5823534667174054	0.5923215757250206	0.6026331534540577	0.5993238385773352	0.5883959516674793	0.5961353717493422	0.6026046541544426	0.6043750135120898	0.5943639220319875	0.58862758003182	0.5864455975499469	0.5836956709627665	0.5993758060609309
CP1	134749	0.1882082445216026	0.18417617401032663	0.2020422845554836	0.17438909208391676	0.1849946044304391	0.17701695054228997	0.17538470006399998	0.16507133582232728	0.16775365146978127	0.19601129647786877	0.5458906350118018	0	0.17684834897219467	0.14327299285075762	0.19001024610873346	0.17340396502811845	0.18156666660517257	0.16053206083744978	0.18338049365342188	0.17655791668927812	0.19316232405853667	0.1714788348622929	0.5852563592886679	0.17131995900870506	0.3048896235611216	0.1698505185817861	0.16469758137929746	0.1611023831011796	0.1722511890949522	0.18343919771533493	0.1718809857739621	0.1720396668649282	0.17332859596545142	0.17844044120448657	0.18228597582591038	0.17639653511919653	0.4669313410433573	0.1717108201451505	0.1713567569775016
CR7	134750	0.06885481014068484	0.022734457967617347	0.05058584865240452	0.020884568928990543	0.015006639440667095	0.011722524454600383	0.018216778276775113	0.02490053592996264	0.02113938527949117	0.11095294746279283	0.6018058632311432	0.17684834897219467	0	0.09872530874818831	0.055598955727138424	0.06249714526336169	0.030498910885740263	0.15234488292714937	0.014689579931979873	0.014584819321748483	0.02574094274126571	0.02476723292708011	0.6395673596238328	0.06881897871761103	0.349476483985635	0.02314741218722851	0.02988862389283276	0.03178487111418092	0.015479303320468233	0.023532027264296755	0.03297126829820391	0.03190694691159596	0.01225290906268017	0.026656382298539817	0.03261810959321506	0.09860626318167819	0.39775702674849567	0.042985767400239704	0.018955307235084557
FA5	134752	0.09875587291399572	0.08569639988011078	0.13096981079119213	0.09607302568378567	0.09404136357697687	0.09368187213532952	0.08783637300341915	0.09084160103204729	0.09207170812047501	0.10957077531624636	0.5646554113512078	0.14327299285075762	0.09872530874818831	0	0.09798200107767653	0.08829358094705504	0.10253886609957458	0.14854365791876953	0.09230648837643274	0.09916013357691586	0.09534078659648704	0.09347317220292764	0.609206336897542	0.07124941622718356	0.2941928347152064	0.0961469635309779	0.09184447185863132	0.08012288275110953	0.09065277479795684	0.09870920755946401	0.08821727682710441	0.07933516120052071	0.09586563623603234	0.08319760412495089	0.08578996784804693	0.13022000299882394	0.41661106244659596	0.07153248386362251	0.08808122864257559
FD5	134753	0.10086345641740696	0.06222863113365821	0.09668158235975333	0.057382519739450244	0.05327476954419741	0.05504442458014173	0.051887726386820404	0.05750636188909442	0.05476392975160362	0.13016202945145164	0.6128544699967252	0.19001024610873346	0.055598955727138424	0.09798200107767653	0	0.07456136570553089	0.06069999677251604	0.1748648643879872	0.0555144050536941	0.048099857125321506	0.058523919633763466	0.062351903422732925	0.6484604175404209	0.0727943532572546	0.3659708027926069	0.05328611751958165	0.06259393830809112	0.05260130314698445	0.053548460324687276	0.06641179676315999	0.06057176239658023	0.05155332747415002	0.051274185308874176	0.045990975626024305	0.06436896119008825	0.11496290282657162	0.39639614717763316	0.05392208326387581	0.046312526881919204
FE10	134754	0.08420710348243816	0.05638100238170493	0.09397432744145763	0.05265327051028247	0.059855450221927245	0.06209237568388297	0.046734139160557596	0.05564497156711811	0.04857215377161714	0.11781927368743352	0.5957254279131499	0.17340396502811845	0.06249714526336169	0.08829358094705504	0.07456136570553089	0	0.05398010894006916	0.1328410942918536	0.05614399391828966	0.059409368010472134	0.056302520972058144	0.06616790889471788	0.6309939782220432	0.06135205384621231	0.3387008480071409	0.047994082455209766	0.06770315771959333	0.05724971168907192	0.054126789894637026	0.059013677065283494	0.06585554483732564	0.05060822329269769	0.059036279102213145	0.05482467249884169	0.045027202304269966	0.12301135273506188	0.3781114259958208	0.06061859940608001	0.04809774768068043
FF8	134755	0.06790720127604245	0.028555886878090884	0.05127918978894735	0.03541209666357925	0.031191223036551797	0.03092510734716586	0.021565661858961152	0.029186269970782542	0.03315752986545693	0.11653450946584747	0.5951077329556237	0.18156666660517257	0.030498910885740263	0.10253886609957458	0.06069999677251604	0.05398010894006916	0	0.15848643409335453	0.028942249385187364	0.03517080188645975	0.03090944163976353	0.03829701755433569	0.6322303689112938	0.05333208570049444	0.35630207871080743	0.0188499277520646	0.040806458691477414	0.033773917415140686	0.0339648580751407	0.031020414231588096	0.038557991353136416	0.03898576705053389	0.032979075447216205	0.03906517562061723	0.024053654489221345	0.09834604892150424	0.3823265670686765	0.05184305386200682	0.02689660254464485
FH11	134756	0.12009774276707073	0.14323987459209792	0.18629472077211703	0.15005102094080724	0.15284771297297872	0.15033128843982352	0.1466553540632016	0.14365423808397176	0.13977015594804212	0.12471166316325746	0.5391570581067109	0.16053206083744978	0.15234488292714937	0.14854365791876953	0.1748648643879872	0.1328410942918536	0.15848643409335453	0	0.15064377171059062	0.15315019791993012	0.16267191722633623	0.14665925866194904	0.581278188725553	0.14099322437893475	0.3014206800101202	0.15175586916327188	0.13929245973218668	0.1388045981931137	0.14672715757498941	0.15336401179035172	0.14865660415445886	0.14138651087992773	0.14573774906289466	0.15037617639860748	0.14827363790690637	0.2050874495488033	0.431744325407356	0.1342913797459457	0.14719392112924984
FI2	134757	0.0626842065774483	0.019377200284286498	0.059331440705934664	0.02760427459849118	0.010534702654349538	0.014570958631283838	0.01487025736471905	0.029959189357965738	0.023835574872962704	0.10125243844782351	0.5989652118282672	0.18338049365342188	0.014689579931979873	0.09230648837643274	0.0555144050536941	0.05614399391828966	0.028942249385187364	0.15064377171059062	0	0.021081488671557673	0.020289856160688992	0.031471221752743236	0.64003206345035	0.06430552918386424	0.3587103427915988	0.022337811813089782	0.033894641915315084	0.03622208244047538	0.022335624165044886	0.019884804577752695	0.03167920881104551	0.03551762169103026	0.019029382792083365	0.027454185030478466	0.021487006811911513	0.09580879969695334	0.39766667924617083	0.045852030674967896	0.022908875765180182
FJ14	134758	0.07639172047706075	0.028082996247917616	0.058668855952238405	0.022782488390109323	0.014897055462689431	0.017076851824689824	0.023794945255398985	0.029297292262780453	0.0201573424607115	0.10935093123791109	0.609487753569923	0.17655791668927812	0.014584819321748483	0.09916013357691586	0.048099857125321506	0.059409368010472134	0.03517080188645975	0.15315019791993012	0.021081488671557673	0	0.032463565917050845	0.029534778368745584	0.6449428541393951	0.07209529451832333	0.35240393773777745	0.02841543104970799	0.03358208545386339	0.03621465315061577	0.01628983958771576	0.02994353755686576	0.03663028509297089	0.03552658722446356	0.012073127007019898	0.03229481771621332	0.03870283805738706	0.10356902437040187	0.4001537368560772	0.04512305383498043	0.01906466757699415
FL7	134759	0.06736064124761637	0.02679700445728325	0.05403847309865618	0.03174390163924723	0.02349945931594825	0.025168792029524132	0.01879271611882408	0.032805029536411255	0.02994346195698606	0.11041086233638228	0.5990982607624208	0.19316232405853667	0.02574094274126571	0.09534078659648704	0.058523919633763466	0.056302520972058144	0.03090944163976353	0.16267191722633623	0.020289856160688992	0.032463565917050845	0	0.03556422906890284	0.6363219009356069	0.060699722721504874	0.35957910380486735	0.02631821535694603	0.04050735194924578	0.04202927302042863	0.031105288059623832	0.03230792138263995	0.03813267031203298	0.03462117469734237	0.02812397353686034	0.031394262081759196	0.025223351917427528	0.10944528036370031	0.3948734009604459	0.045415648037445376	0.026867435526792566
FM2	134760	0.06721530551040984	0.03499505158031123	0.05079963688408684	0.0257522484365489	0.03242201870643302	0.01893237456134081	0.025577598913643643	0.02365939040756275	0.024699786162842685	0.10594144260681167	0.5869728138181673	0.1714788348622929	0.02476723292708011	0.09347317220292764	0.062351903422732925	0.06616790889471788	0.03829701755433569	0.14665925866194904	0.031471221752743236	0.029534778368745584	0.03556422906890284	0	0.6230451441171062	0.06436217842044949	0.3467300673507327	0.033485397811459	0.011724693251246098	0.029670554325197662	0.02890587268885915	0.037647615677506636	0.014173699993299062	0.03639921249101755	0.029979472095765652	0.03631462902036997	0.044798503078018075	0.08968675626967354	0.40781618754962273	0.03339689321498243	0.0273834332536393
FN5	134761	0.6086797111776395	0.6320012192102389	0.6265064513743018	0.6347826459748341	0.644022890690767	0.6374995701494681	0.6309364642306862	0.6234384294829364	0.6300645328828947	0.6043157266740483	0.5693824291173469	0.5852563592886679	0.6395673596238328	0.609206336897542	0.6484604175404209	0.6309939782220432	0.6322303689112938	0.581278188725553	0.64003206345035	0.6449428541393951	0.6363219009356069	0.6230451441171062	0	0.6065290827956413	0.5642225184255305	0.6365526190945807	0.6222634808032922	0.629738442711458	0.6384552706647805	0.6396935038349977	0.6235695125191815	0.6288869384482179	0.6401639251895965	0.6420777404311068	0.6348305304101898	0.6317383005753476	0.6528662303295554	0.6224561368991137	0.6326394001340374
FO2	134762	0.06453615293585074	0.05569810182257312	0.09112139506012604	0.0710515400119235	0.06826915287324713	0.06683967669669348	0.056812388857395445	0.046649342099119764	0.06459912432334139	0.10320345790737838	0.5651703425926703	0.17131995900870506	0.06881897871761103	0.07124941622718356	0.0727943532572546	0.06135205384621231	0.05333208570049444	0.14099322437893475	0.06430552918386424	0.07209529451832333	0.060699722721504874	0.06436217842044949	0.6065290827956413	0	0.32246250460670306	0.056318986972208517	0.06268050362079389	0.058629124420785036	0.06251607867808094	0.06709038043985878	0.06598717821787355	0.05593457659249001	0.06713827790344501	0.06484267196319145	0.05064101041168817	0.120200074200374	0.39242263394097077	0.05585524805309118	0.05999115238844663
FP2	134763	0.3745860706680109	0.34328705813346805	0.33611604556421437	0.3445207472608751	0.35474450567936794	0.3525494821935706	0.3496120604581723	0.3390551549665152	0.3470650661373933	0.3823118674834978	0.5248189529445871	0.3048896235611216	0.349476483985635	0.2941928347152064	0.3659708027926069	0.3387008480071409	0.35630207871080743	0.3014206800101202	0.3587103427915988	0.35240393773777745	0.35957910380486735	0.3467300673507327	0.5642225184255305	0.32246250460670306	0	0.3523908932959934	0.3456895415029074	0.3453248159944996	0.34161945303791424	0.3505231876665461	0.3586154438918544	0.34040544665072303	0.3501366836663352	0.3449917902772161	0.3509483557610117	0.40782571143647217	0.36600306948373224	0.3270363019655154	0.3480228176891399
FR8	134764	0.06508016610190448	0.034176873164781636	0.05826141047204892	0.025546388852578646	0.026107218057919324	0.023674221026047545	0.018469143370405745	0.024488448023128984	0.02703935010673205	0.11200813046840881	0.5977985112736294	0.1698505185817861	0.02314741218722851	0.0961469635309779	0.05328611751958165	0.047994082455209766	0.0188499277520646	0.15175586916327188	0.022337811813089782	0.02841543104970799	0.02631821535694603	0.033485397811459	0.6365526190945807	0.056318986972208517	0.3523908932959934	0	0.036636945815283005	0.02996490897652028	0.023208085955977006	0.026624043769164666	0.03895820245600976	0.03573077420966089	0.025893484636048895	0.027533736337200975	0.020900621834655086	0.09816693334807484	0.38874768919711283	0.04856891979751835	0.021802578956020682
HA6	134765	0.07002945830195899	0.03665308376896088	0.056519106955457574	0.03039317437021034	0.034248052389160115	0.02223963046781642	0.028639427550002153	0.024774912250969467	0.023078200760745477	0.09986153575993952	0.5823534667174054	0.16469758137929746	0.02988862389283276	0.09184447185863132	0.06259393830809112	0.06770315771959333	0.040806458691477414	0.13929245973218668	0.033894641915315084	0.03358208545386339	0.04050735194924578	0.011724693251246098	0.6222634808032922	0.06268050362079389	0.3456895415029074	0.036636945815283005	0	0.030874469697813652	0.034825070101429066	0.03936881012257375	0.015444119390306505	0.03620156764019177	0.0317055676359842	0.03977148452544963	0.04645653526666771	0.0873735576839715	0.41159004443851865	0.03147101896663354	0.028486587902720798
HD6	134766	0.07151299737464878	0.03340626252201985	0.06733052986523437	0.035496644016063755	0.03948639439116656	0.03124522589279195	0.02896772961149884	0.03342337923008409	0.03221168868222334	0.10144742450931898	0.5923215757250206	0.1611023831011796	0.03178487111418092	0.08012288275110953	0.05260130314698445	0.05724971168907192	0.033773917415140686	0.1388045981931137	0.03622208244047538	0.03621465315061577	0.04202927302042863	0.029670554325197662	0.629738442711458	0.058629124420785036	0.3453248159944996	0.02996490897652028	0.030874469697813652	0	0.03225678456046624	0.04429890403250927	0.03175056588860803	0.02646446426042455	0.03183636526782462	0.02826156135782107	0.03831195562049599	0.0854156380967126	0.39329806472063866	0.0316180198794148	0.027521395104026805
HE3	134767	0.0743192115825671	0.027612556191680637	0.06057552154753901	0.02490625642322157	0.021358184893885437	0.018079725195957692	0.022505981187422155	0.025114639112715217	0.021504136020139442	0.10943968633178015	0.6026331534540577	0.1722511890949522	0.015479303320468233	0.09065277479795684	0.053548460324687276	0.054126789894637026	0.0339648580751407	0.14672715757498941	0.022335624165044886	0.01628983958771576	0.031105288059623832	0.02890587268885915	0.6384552706647805	0.06251607867808094	0.34161945303791424	0.023208085955977006	0.034825070101429066	0.03225678456046624	0	0.022531328207056122	0.03785658866472129	0.039447007068818284	0.016134255965750615	0.02895036834860827	0.03022407767076088	0.09882950241564711	0.39826087101381163	0.042422635250239316	0.021423833727382158
HF9	134768	0.07731031433638362	0.026279444133155874	0.05626312297875878	0.03265463472789645	0.021678885705870617	0.024135357045004534	0.028550338678156557	0.03818585519890172	0.03177537415716455	0.11290070615737204	0.5993238385773352	0.18343919771533493	0.023532027264296755	0.09870920755946401	0.06641179676315999	0.059013677065283494	0.031020414231588096	0.15336401179035172	0.019884804577752695	0.02994353755686576	0.03230792138263995	0.037647615677506636	0.6396935038349977	0.06709038043985878	0.3505231876665461	0.026624043769164666	0.03936881012257375	0.04429890403250927	0.022531328207056122	0	0.038910080016793525	0.04726680293573337	0.028611364416195658	0.032350550086330046	0.023076125760784962	0.09408379493993364	0.3932778402121685	0.054266168793026634	0.03349855774755397
HH15	134769	0.06525461469904192	0.036579363288241046	0.06000885284728953	0.033538137837028165	0.034931918483746056	0.02572788550090768	0.02833934018027912	0.0325285919066063	0.027673638880927325	0.09733835044442438	0.5883959516674793	0.1718809857739621	0.03297126829820391	0.08821727682710441	0.06057176239658023	0.06585554483732564	0.038557991353136416	0.14865660415445886	0.03167920881104551	0.03663028509297089	0.03813267031203298	0.014173699993299062	0.6235695125191815	0.06598717821787355	0.3586154438918544	0.03895820245600976	0.015444119390306505	0.03175056588860803	0.03785658866472129	0.038910080016793525	0	0.03639256925374286	0.037441358542119454	0.037606202909436184	0.04231344386457514	0.08153147742931785	0.4094533473659156	0.035454676688536524	0.030461898516349187
HI3	134770	0.07345100118489349	0.033091136846487776	0.06633354515607359	0.030500663344560138	0.03687482533237263	0.03520703842849042	0.025337609840554796	0.03369609954256393	0.02781074860897304	0.10772388662639469	0.5961353717493422	0.1720396668649282	0.03190694691159596	0.07933516120052071	0.05155332747415002	0.05060822329269769	0.03898576705053389	0.14138651087992773	0.03551762169103026	0.03552658722446356	0.03462117469734237	0.03639921249101755	0.6288869384482179	0.05593457659249001	0.34040544665072303	0.03573077420966089	0.03620156764019177	0.02646446426042455	0.039447007068818284	0.04726680293573337	0.03639256925374286	0	0.03415612666117593	0.027937836525737517	0.03888816943843048	0.10448465657804144	0.387332106708453	0.031289116274695224	0.019384486791571686
HJ15	134771	0.06727579005861421	0.02210333375768714	0.05515850839159457	0.022747401124797322	0.01505557949336245	0.014391197573902385	0.01833028590206147	0.024395200273705217	0.017535149151191285	0.10393004846614166	0.6026046541544426	0.17332859596545142	0.01225290906268017	0.09586563623603234	0.051274185308874176	0.059036279102213145	0.032979075447216205	0.14573774906289466	0.019029382792083365	0.012073127007019898	0.02812397353686034	0.029979472095765652	0.6401639251895965	0.06713827790344501	0.3501366836663352	0.025893484636048895	0.0317055676359842	0.03183636526782462	0.016134255965750615	0.028611364416195658	0.037441358542119454	0.03415612666117593	0	0.03190531283298138	0.03567439512053561	0.10447678627663859	0.4020006201183079	0.03916295489210082	0.018586129883043246
HL8	134772	0.0777258265550818	0.036655074445394516	0.06863109010764085	0.027781253327975104	0.02573792748558753	0.031264789600057595	0.026542784408530036	0.03936411536689282	0.03681737080916897	0.11682942643882117	0.6043750135120898	0.17844044120448657	0.026656382298539817	0.08319760412495089	0.045990975626024305	0.05482467249884169	0.03906517562061723	0.15037617639860748	0.027454185030478466	0.03229481771621332	0.031394262081759196	0.03631462902036997	0.6420777404311068	0.06484267196319145	0.3449917902772161	0.027533736337200975	0.03977148452544963	0.02826156135782107	0.02895036834860827	0.032350550086330046	0.037606202909436184	0.027937836525737517	0.03190531283298138	0	0.033675275838310016	0.09364920725511224	0.383098380912664	0.036513929861674475	0.026086643024302924
HM3	134773	0.05822187972365091	0.02611417317495572	0.06368372460540893	0.03384026265144893	0.02868424793165995	0.03160608710543278	0.022193373787680024	0.03080128037585876	0.03557006721686236	0.1013442914235806	0.5943639220319875	0.18228597582591038	0.03261810959321506	0.08578996784804693	0.06436896119008825	0.045027202304269966	0.024053654489221345	0.14827363790690637	0.021487006811911513	0.03870283805738706	0.025223351917427528	0.044798503078018075	0.6348305304101898	0.05064101041168817	0.3509483557610117	0.020900621834655086	0.04645653526666771	0.03831195562049599	0.03022407767076088	0.023076125760784962	0.04231344386457514	0.03888816943843048	0.03567439512053561	0.033675275838310016	0	0.1014004038128603	0.3883680273624179	0.05140447343009932	0.03035626477022655
HN6	134774	0.13439960995358358	0.10089959626511533	0.13313594186548963	0.1027330657435316	0.10006621202754286	0.09090330946592944	0.0973349130590866	0.10719617570016501	0.09846640674784676	0.13508218747438977	0.58862758003182	0.17639653511919653	0.09860626318167819	0.13022000299882394	0.11496290282657162	0.12301135273506188	0.09834604892150424	0.2050874495488033	0.09580879969695334	0.10356902437040187	0.10944528036370031	0.08968675626967354	0.6317383005753476	0.120200074200374	0.40782571143647217	0.09816693334807484	0.0873735576839715	0.0854156380967126	0.09882950241564711	0.09408379493993364	0.08153147742931785	0.10448465657804144	0.10447678627663859	0.09364920725511224	0.1014004038128603	0	0.4423210074169886	0.10259575810083946	0.09795712956272624
H05	134775	0.4277597949504037	0.397321024587057	0.3914934876588263	0.4002615696548153	0.39738172876942235	0.4037683356195205	0.3974598765220631	0.40399133621694444	0.40574823697280854	0.47515974277953327	0.5864455975499469	0.4669313410433573	0.39775702674849567	0.41661106244659596	0.39639614717763316	0.3781114259958208	0.3823265670686765	0.431744325407356	0.39766667924617083	0.4001537368560772	0.3948734009604459	0.40781618754962273	0.6528662303295554	0.39242263394097077	0.36600306948373224	0.38874768919711283	0.41159004443851865	0.39329806472063866	0.39826087101381163	0.3932778402121685	0.4094533473659156	0.387332106708453	0.4020006201183079	0.383098380912664	0.3883680273624179	0.4423210074169886	0	0.405170314046008	0.39678224647566157
HP3	134776	0.0780580071625952	0.03734296651776625	0.07497112013575298	0.03688833727711346	0.04280371860549711	0.03894658923898192	0.03300009031284842	0.03779693580947198	0.03526988544936318	0.08993266646371742	0.5836956709627665	0.1717108201451505	0.042985767400239704	0.07153248386362251	0.05392208326387581	0.06061859940608001	0.05184305386200682	0.1342913797459457	0.045852030674967896	0.04512305383498043	0.045415648037445376	0.03339689321498243	0.6224561368991137	0.05585524805309118	0.3270363019655154	0.04856891979751835	0.03147101896663354	0.0316180198794148	0.042422635250239316	0.054266168793026634	0.035454676688536524	0.031289116274695224	0.03916295489210082	0.036513929861674475	0.05140447343009932	0.10259575810083946	0.405170314046008	0	0.034727670194401615
HR9	134777	0.06675587584011096	0.02332057479583796	0.057774206709231384	0.020579038049195503	0.022697464123646267	0.020119338472613806	0.012634013501822068	0.021156489126730963	0.015705339329529586	0.10455526132903532	0.5993758060609309	0.1713567569775016	0.018955307235084557	0.08808122864257559	0.046312526881919204	0.04809774768068043	0.02689660254464485	0.14719392112924984	0.022908875765180182	0.01906466757699415	0.026867435526792566	0.0273834332536393	0.6326394001340374	0.05999115238844663	0.3480228176891399	0.021802578956020682	0.028486587902720798	0.027521395104026805	0.021423833727382158	0.03349855774755397	0.030461898516349187	0.019384486791571686	0.018586129883043246	0.026086643024302924	0.03035626477022655	0.09795712956272624	0.39678224647566157	0.034727670194401615	0
