1.010737	-0.000717	-0.042605	-0.049671	-0.055036	-0.025512	-0.057666	-0.059420	-0.042759	0.396263	0.420375	0.403929	0.019684	-0.042337	-0.034366	-0.066576	-0.060569	-0.065897	-0.050592	-0.056138	-0.021434	-0.035888	-0.049567	-0.049141	-0.047583	-0.062647	-0.070026	-0.073472	-0.079274	-0.081456	-0.070993	-0.078484	-0.050657	-0.055019	-0.086991	-0.079638	-0.077431	-0.087756	-0.091867	-0.076894	-0.065237	-0.033039	-0.042467	-0.041988	-0.040944	-0.053383	-0.057695	
-0.000717	1.207410	-0.024862	0.002683	0.004490	0.009141	-0.032153	-0.033732	-0.031060	-0.021127	-0.017815	-0.013502	0.007906	-0.009184	-0.008431	-0.001623	-0.016939	-0.011332	-0.021327	-0.015626	-0.027214	-0.021257	-0.009689	-0.005409	-0.014781	-0.016759	-0.013384	-0.046768	-0.044947	-0.040509	-0.056505	-0.043544	-0.035400	-0.084479	-0.086094	-0.081836	-0.085896	-0.084175	-0.086717	-0.081845	-0.081268	0.003115	0.000252	-0.006727	-0.008937	-0.018337	-0.005528	
-0.042605	-0.024862	1.007750	-0.041971	-0.041875	-0.041323	0.446791	0.455140	0.451105	-0.021746	-0.029710	-0.019522	-0.045315	-0.036372	-0.043960	-0.067615	-0.074338	-0.074327	-0.045336	-0.046046	-0.047142	-0.054087	-0.044662	-0.047251	-0.067990	-0.075681	-0.070969	-0.071891	-0.077065	-0.075463	-0.079727	-0.079071	-0.078564	-0.090930	-0.092887	-0.082324	-0.093403	-0.092492	-0.095503	-0.094342	-0.086403	-0.051434	-0.049281	-0.049549	-0.034792	-0.029942	-0.036119	
-0.049671	0.002683	-0.041971	0.976291	0.453003	0.423541	-0.033729	-0.045353	-0.043078	-0.030523	-0.032642	-0.034644	-0.013420	-0.014155	-0.005191	-0.053777	-0.047787	-0.041778	-0.027187	-0.017898	-0.020338	-0.018902	-0.009482	-0.024157	-0.050962	-0.036078	-0.040868	-0.055820	-0.056011	-0.054696	-0.061746	-0.047122	-0.056581	-0.089838	-0.096474	-0.087844	-0.097245	-0.087380	-0.093143	-0.090116	-0.093380	-0.025713	-0.036414	-0.026090	-0.031150	-0.028227	-0.021373	
-0.055036	0.004490	-0.041875	0.453003	0.955948	0.409797	-0.037672	-0.044781	-0.044692	-0.040835	-0.028313	-0.031926	-0.011467	-0.005702	-0.006500	-0.043024	-0.051536	-0.043123	-0.037385	-0.030180	-0.028766	-0.031583	-0.021725	-0.024755	-0.043681	-0.041803	-0.041579	-0.056638	-0.061433	-0.048787	-0.055578	-0.042259	-0.058614	-0.082472	-0.088964	-0.087147	-0.082852	-0.082653	-0.089213	-0.084526	-0.086697	-0.032944	-0.035740	-0.030786	-0.029547	-0.026923	-0.022849	
-0.025512	0.009141	-0.041323	0.423541	0.409797	0.963443	-0.038388	-0.042042	-0.040232	-0.019779	-0.020972	-0.023799	-0.020287	-0.015127	-0.011442	-0.056156	-0.052368	-0.055023	-0.033225	-0.030120	-0.027402	-0.017818	-0.017790	-0.013373	-0.050601	-0.048335	-0.056445	-0.056494	-0.055791	-0.057537	-0.056757	-0.046006	-0.060592	-0.078687	-0.081995	-0.072566	-0.077584	-0.078156	-0.079976	-0.080029	-0.073804	-0.024028	-0.031923	-0.029570	-0.026974	-0.031106	-0.022614	
-0.057666	-0.032153	0.446791	-0.033729	-0.037672	-0.038388	1.026315	0.466496	0.461606	-0.038367	-0.047681	-0.045790	-0.036066	-0.037169	-0.034435	-0.066577	-0.079522	-0.076700	-0.034081	-0.040600	-0.040271	-0.044752	-0.040480	-0.045774	-0.069937	-0.067273	-0.071975	-0.078149	-0.077603	-0.079850	-0.083811	-0.079152	-0.086972	-0.091690	-0.093933	-0.082630	-0.098592	-0.094962	-0.095315	-0.092280	-0.094094	-0.053433	-0.048924	-0.044582	-0.044368	-0.033023	-0.034924	
-0.059420	-0.033732	0.455140	-0.045353	-0.044781	-0.042042	0.466496	1.017412	0.479092	-0.044849	-0.046237	-0.031146	-0.038440	-0.035193	-0.035148	-0.076836	-0.077616	-0.077786	-0.038793	-0.040977	-0.048894	-0.041987	-0.033220	-0.053143	-0.073994	-0.070016	-0.075049	-0.070907	-0.073520	-0.075226	-0.076770	-0.072386	-0.079830	-0.095725	-0.092199	-0.093231	-0.095143	-0.086242	-0.099993	-0.092043	-0.088643	-0.050253	-0.044838	-0.040821	-0.037747	-0.033584	-0.035705	
-0.042759	-0.031060	0.451105	-0.043078	-0.044692	-0.040232	0.461606	0.479092	1.024386	-0.038067	-0.040023	-0.036798	-0.040151	-0.037777	-0.035551	-0.074727	-0.076372	-0.076908	-0.044018	-0.048614	-0.047630	-0.045817	-0.036050	-0.039786	-0.072349	-0.070938	-0.072495	-0.073214	-0.076127	-0.077064	-0.081721	-0.081372	-0.081236	-0.096057	-0.096240	-0.090491	-0.094180	-0.094071	-0.096768	-0.090689	-0.094400	-0.051262	-0.049775	-0.052849	-0.034619	-0.030379	-0.036268	
0.396263	-0.021127	-0.021746	-0.030523	-0.040835	-0.019779	-0.038367	-0.044849	-0.038067	1.021672	0.494030	0.478673	-0.021390	-0.030774	-0.025281	-0.055611	-0.063332	-0.065401	-0.043331	-0.046484	-0.050615	-0.037992	-0.031647	-0.042607	-0.061679	-0.059249	-0.065247	-0.076564	-0.072133	-0.080862	-0.074468	-0.072664	-0.070890	-0.080164	-0.079581	-0.088977	-0.087540	-0.087707	-0.084372	-0.080667	-0.075776	-0.026820	-0.035789	-0.020817	-0.019931	-0.028255	-0.024674	
0.420375	-0.017815	-0.029710	-0.032642	-0.028313	-0.020972	-0.047681	-0.046237	-0.040023	0.494030	0.996237	0.482639	0.001051	-0.015904	-0.017673	-0.062357	-0.064252	-0.067907	-0.036798	-0.038730	-0.039761	-0.037307	-0.033442	-0.036925	-0.061965	-0.062525	-0.059627	-0.076425	-0.073467	-0.071370	-0.077571	-0.071966	-0.066044	-0.071618	-0.094249	-0.090109	-0.090477	-0.094615	-0.090092	-0.080304	-0.076979	-0.026164	-0.040862	-0.023853	-0.029872	-0.033034	-0.043912	
0.403929	-0.013502	-0.019522	-0.034644	-0.031926	-0.023799	-0.045790	-0.031146	-0.036798	0.478673	0.482639	0.986696	-0.003209	-0.025989	-0.015798	-0.060941	-0.058993	-0.063985	-0.037822	-0.035130	-0.044277	-0.034909	-0.034440	-0.037110	-0.063138	-0.060860	-0.053120	-0.079934	-0.078266	-0.079507	-0.075230	-0.075260	-0.069539	-0.077465	-0.088639	-0.081672	-0.085011	-0.085348	-0.084246	-0.077411	-0.071929	-0.024491	-0.035674	-0.024757	-0.026915	-0.031497	-0.040024	
0.019684	0.007906	-0.045315	-0.013420	-0.011467	-0.020287	-0.036066	-0.038440	-0.040151	-0.021390	0.001051	-0.003209	0.978454	0.448660	0.439374	-0.061534	-0.064124	-0.064305	-0.009553	-0.014936	-0.024494	-0.038150	-0.045013	-0.028799	-0.064213	-0.075096	-0.068627	-0.067538	-0.070212	-0.071428	-0.073681	-0.070021	-0.066898	-0.070115	-0.085672	-0.084462	-0.088685	-0.079360	-0.079338	-0.075542	-0.079001	-0.025736	-0.023919	-0.030420	-0.039185	-0.024139	-0.020608	
-0.042337	-0.009184	-0.036372	-0.014155	-0.005702	-0.015127	-0.037169	-0.035193	-0.037777	-0.030774	-0.015904	-0.025989	0.448660	1.000948	0.479614	-0.061998	-0.055450	-0.061947	-0.015826	-0.015462	-0.022611	-0.032306	-0.041621	-0.030254	-0.065818	-0.067059	-0.063534	-0.063804	-0.057443	-0.054859	-0.057291	-0.061305	-0.063730	-0.078182	-0.081715	-0.084868	-0.087576	-0.071622	-0.075847	-0.075439	-0.077176	-0.037274	-0.028361	-0.029048	-0.033350	-0.031099	-0.033711	
-0.034366	-0.008431	-0.043960	-0.005191	-0.006500	-0.011442	-0.034435	-0.035148	-0.035551	-0.025281	-0.017673	-0.015798	0.439374	0.479614	1.000154	-0.064555	-0.061295	-0.067310	-0.014032	-0.014961	-0.015618	-0.022023	-0.024590	-0.032930	-0.070968	-0.067863	-0.065540	-0.064104	-0.061651	-0.064741	-0.064426	-0.069318	-0.060634	-0.075355	-0.081190	-0.078987	-0.078432	-0.083470	-0.081169	-0.081910	-0.076899	-0.027737	-0.023510	-0.019669	-0.031678	-0.032730	-0.022351	
-0.066576	-0.001623	-0.067615	-0.053777	-0.043024	-0.056156	-0.066577	-0.076836	-0.074727	-0.055611	-0.062357	-0.060941	-0.061534	-0.061998	-0.064555	0.995018	0.423769	0.421896	-0.041854	-0.039567	-0.036903	-0.061207	-0.067972	-0.062307	0.310930	0.414540	0.427758	-0.094182	-0.101372	-0.094055	-0.092537	-0.093567	-0.093738	-0.118253	-0.115002	-0.115234	-0.114365	-0.115814	-0.119330	-0.115791	-0.115175	-0.061431	-0.058071	-0.062436	-0.061080	-0.059637	-0.056439	
-0.060569	-0.016939	-0.074338	-0.047787	-0.051536	-0.052368	-0.079522	-0.077616	-0.076372	-0.063332	-0.064252	-0.058993	-0.064124	-0.055450	-0.061295	0.423769	1.012116	0.452913	-0.073018	-0.066494	-0.067922	-0.059179	-0.057700	-0.066712	0.321974	0.452695	0.428766	-0.095191	-0.095995	-0.102516	-0.097427	-0.098700	-0.097052	-0.120077	-0.117263	-0.118186	-0.114912	-0.120498	-0.115996	-0.112228	-0.116675	-0.062637	-0.063288	-0.067009	-0.069112	-0.066474	-0.064380	
-0.065897	-0.011332	-0.074327	-0.041778	-0.043123	-0.055023	-0.076700	-0.077786	-0.076908	-0.065401	-0.067907	-0.063985	-0.064305	-0.061947	-0.067310	0.421896	0.452913	1.015862	-0.067440	-0.060460	-0.059356	-0.057255	-0.062289	-0.063495	0.324741	0.449054	0.445993	-0.095513	-0.093865	-0.086673	-0.089927	-0.086597	-0.095450	-0.114528	-0.114763	-0.113302	-0.109828	-0.110822	-0.110090	-0.116447	-0.115471	-0.060369	-0.066571	-0.069922	-0.068906	-0.059689	-0.056688	
-0.050592	-0.021327	-0.045336	-0.027187	-0.037385	-0.033225	-0.034081	-0.038793	-0.044018	-0.043331	-0.036798	-0.037822	-0.009553	-0.015826	-0.014032	-0.041854	-0.073018	-0.067440	0.999926	0.475991	0.472696	-0.029520	-0.025985	-0.033717	-0.071163	-0.064771	-0.078352	-0.073737	-0.066385	-0.067820	-0.068469	-0.075381	-0.069508	-0.089471	-0.079367	-0.082940	-0.080980	-0.080077	-0.079022	-0.083736	-0.085289	-0.019378	-0.013206	-0.009341	-0.011412	-0.006356	-0.012817	
-0.056138	-0.015626	-0.046046	-0.017898	-0.030180	-0.030120	-0.040600	-0.040977	-0.048614	-0.046484	-0.038730	-0.035130	-0.014936	-0.015462	-0.014961	-0.039567	-0.066494	-0.060460	0.475991	0.981638	0.461946	-0.028689	-0.031725	-0.028648	-0.059411	-0.066099	-0.071448	-0.073234	-0.070467	-0.071862	-0.075036	-0.066919	-0.074637	-0.083193	-0.077645	-0.078074	-0.080446	-0.082133	-0.082266	-0.073886	-0.086234	-0.024516	-0.010692	-0.019223	-0.011625	-0.015431	-0.021840	
-0.021434	-0.027214	-0.047142	-0.020338	-0.028766	-0.027402	-0.040271	-0.048894	-0.047630	-0.050615	-0.039761	-0.044277	-0.024494	-0.022611	-0.015618	-0.036903	-0.067922	-0.059356	0.472696	0.461946	1.012514	-0.031769	-0.036092	-0.041070	-0.060171	-0.062301	-0.063082	-0.075110	-0.068352	-0.071974	-0.072316	-0.072003	-0.068841	-0.081159	-0.077642	-0.075033	-0.077485	-0.083475	-0.084874	-0.085007	-0.079189	-0.028776	-0.025103	-0.015671	-0.015367	-0.014132	-0.016346	
-0.035888	-0.021257	-0.054087	-0.018902	-0.031583	-0.017818	-0.044752	-0.041987	-0.045817	-0.037992	-0.037307	-0.034909	-0.038150	-0.032306	-0.022023	-0.061207	-0.059179	-0.057255	-0.029520	-0.028689	-0.031769	1.003034	0.504668	0.469121	-0.040809	-0.061453	-0.060749	-0.058553	-0.053399	-0.056443	-0.057284	-0.059737	-0.047235	-0.080192	-0.090860	-0.084088	-0.084553	-0.080359	-0.090698	-0.089314	-0.076815	-0.038945	-0.025917	-0.030573	-0.027144	-0.023678	-0.027917	
-0.049567	-0.009689	-0.044662	-0.009482	-0.021725	-0.017790	-0.040480	-0.033220	-0.036050	-0.031647	-0.033442	-0.034440	-0.045013	-0.041621	-0.024590	-0.067972	-0.057700	-0.062289	-0.025985	-0.031725	-0.036092	0.504668	1.003154	0.465794	-0.048537	-0.064395	-0.062102	-0.057904	-0.048813	-0.057143	-0.053671	-0.050004	-0.042659	-0.090011	-0.091803	-0.090021	-0.090387	-0.088333	-0.092714	-0.086445	-0.083922	-0.038900	-0.035265	-0.029552	-0.023951	-0.028107	-0.023453	
-0.049141	-0.005409	-0.047251	-0.024157	-0.024755	-0.013373	-0.045774	-0.053143	-0.039786	-0.042607	-0.036925	-0.037110	-0.028799	-0.030254	-0.032930	-0.062307	-0.066712	-0.063495	-0.033717	-0.028648	-0.041070	0.469121	0.465794	0.997436	-0.046592	-0.068327	-0.059991	-0.055639	-0.054202	-0.050963	-0.056248	-0.060341	-0.044453	-0.088800	-0.094645	-0.088213	-0.089494	-0.086084	-0.092315	-0.086771	-0.088395	-0.033010	-0.008156	-0.023300	-0.023563	-0.034186	-0.021467	
-0.047583	-0.014781	-0.067990	-0.050962	-0.043681	-0.050601	-0.069937	-0.073994	-0.072349	-0.061679	-0.061965	-0.063138	-0.064213	-0.065818	-0.070968	0.310930	0.321974	0.324741	-0.071163	-0.059411	-0.060171	-0.040809	-0.048537	-0.046592	1.005059	0.325056	0.333822	-0.096710	-0.102837	-0.096710	-0.093880	-0.093534	-0.096659	-0.110323	-0.119113	-0.115066	-0.115061	-0.118436	-0.121300	-0.110380	-0.116527	-0.062327	-0.066170	-0.063820	0.044812	0.047493	0.054180	
-0.062647	-0.016759	-0.075681	-0.036078	-0.041803	-0.048335	-0.067273	-0.070016	-0.070938	-0.059249	-0.062525	-0.060860	-0.075096	-0.067059	-0.067863	0.414540	0.452695	0.449054	-0.064771	-0.066099	-0.062301	-0.061453	-0.064395	-0.068327	0.325056	1.043305	0.429833	-0.104337	-0.093266	-0.092893	-0.092781	-0.094160	-0.096441	-0.121130	-0.120179	-0.119612	-0.118142	-0.112779	-0.121253	-0.114619	-0.120539	-0.070373	-0.072336	-0.069449	-0.066624	-0.051631	-0.057032	
-0.070026	-0.013384	-0.070969	-0.040868	-0.041579	-0.056445	-0.071975	-0.075049	-0.072495	-0.065247	-0.059627	-0.053120	-0.068627	-0.063534	-0.065540	0.427758	0.428766	0.445993	-0.078352	-0.071448	-0.063082	-0.060749	-0.062102	-0.059991	0.333822	0.429833	1.017528	-0.088126	-0.097572	-0.099151	-0.094596	-0.089367	-0.094272	-0.115869	-0.120573	-0.119359	-0.119783	-0.118046	-0.116546	-0.117017	-0.118684	-0.063483	-0.069697	-0.079613	-0.059065	-0.055501	-0.054975	
-0.073472	-0.046768	-0.071891	-0.055820	-0.056638	-0.056494	-0.078149	-0.070907	-0.073214	-0.076564	-0.076425	-0.079934	-0.067538	-0.063804	-0.064104	-0.094182	-0.095191	-0.095513	-0.073737	-0.073234	-0.075110	-0.058553	-0.057904	-0.055639	-0.096710	-0.104337	-0.088126	1.064144	0.448040	0.421882	0.464554	0.427868	0.430924	-0.119493	-0.124085	-0.122364	-0.125672	-0.123706	-0.125588	-0.123443	-0.126337	-0.075925	-0.071228	-0.066223	-0.068277	-0.071222	-0.077305	
-0.079274	-0.044947	-0.077065	-0.056011	-0.061433	-0.055791	-0.077603	-0.073520	-0.076127	-0.072133	-0.073467	-0.078266	-0.070212	-0.057443	-0.061651	-0.101372	-0.095995	-0.093865	-0.066385	-0.070467	-0.068352	-0.053399	-0.048813	-0.054202	-0.102837	-0.093266	-0.097572	0.448040	1.042866	0.433528	0.447303	0.440645	0.398542	-0.119996	-0.124382	-0.120073	-0.117815	-0.128077	-0.122561	-0.125653	-0.122967	-0.068267	-0.067319	-0.064658	-0.064977	-0.065995	-0.070087	
-0.081456	-0.040509	-0.075463	-0.054696	-0.048787	-0.057537	-0.079850	-0.075226	-0.077064	-0.080862	-0.071370	-0.079507	-0.071428	-0.054859	-0.064741	-0.094055	-0.102516	-0.086673	-0.067820	-0.071862	-0.071974	-0.056443	-0.057143	-0.050963	-0.096710	-0.092893	-0.099151	0.421882	0.433528	1.031290	0.436866	0.425153	0.412559	-0.115187	-0.123838	-0.121758	-0.124354	-0.122936	-0.123524	-0.120743	-0.122597	-0.072954	-0.069542	-0.068519	-0.064526	-0.064209	-0.077229	
-0.070993	-0.056505	-0.079727	-0.061746	-0.055578	-0.056757	-0.083811	-0.076770	-0.081721	-0.074468	-0.077571	-0.075230	-0.073681	-0.057291	-0.064426	-0.092537	-0.097427	-0.089927	-0.068469	-0.075036	-0.072316	-0.057284	-0.053671	-0.056248	-0.093880	-0.092781	-0.094596	0.464554	0.447303	0.436866	1.040595	0.423533	0.424086	-0.117758	-0.122009	-0.117361	-0.124698	-0.127085	-0.126244	-0.123223	-0.124076	-0.068626	-0.063224	-0.060262	-0.056283	-0.057051	-0.067006	
-0.078484	-0.043544	-0.079071	-0.047122	-0.042259	-0.046006	-0.079152	-0.072386	-0.081372	-0.072664	-0.071966	-0.075260	-0.070021	-0.061305	-0.069318	-0.093567	-0.098700	-0.086597	-0.075381	-0.066919	-0.072003	-0.059737	-0.050004	-0.060341	-0.093534	-0.094160	-0.089367	0.427868	0.440645	0.425153	0.423533	1.039080	0.391132	-0.124542	-0.133454	-0.131435	-0.127604	-0.133338	-0.129280	-0.125078	-0.134341	-0.073286	-0.070527	-0.062160	-0.062057	-0.064701	-0.076251	
-0.050657	-0.035400	-0.078564	-0.056581	-0.058614	-0.060592	-0.086972	-0.079830	-0.081236	-0.070890	-0.066044	-0.069539	-0.066898	-0.063730	-0.060634	-0.093738	-0.097052	-0.095450	-0.069508	-0.074637	-0.068841	-0.047235	-0.042659	-0.044453	-0.096659	-0.096441	-0.094272	0.430924	0.398542	0.412559	0.424086	0.391132	1.035594	-0.114690	-0.125310	-0.111722	-0.117282	-0.120830	-0.124472	-0.116386	-0.120928	-0.068803	-0.064674	-0.068113	-0.063139	-0.064330	-0.073273	
-0.055019	-0.084479	-0.090930	-0.089838	-0.082472	-0.078687	-0.091690	-0.095725	-0.096057	-0.080164	-0.071618	-0.077465	-0.070115	-0.078182	-0.075355	-0.118253	-0.120077	-0.114528	-0.089471	-0.083193	-0.081159	-0.080192	-0.090011	-0.088800	-0.110323	-0.121130	-0.115869	-0.119493	-0.119996	-0.115187	-0.117758	-0.124542	-0.114690	0.932063	0.352396	0.327776	0.337396	0.345978	0.343699	0.332365	0.335228	-0.073786	-0.080887	-0.087428	-0.077197	-0.075631	-0.079718	
-0.086991	-0.086094	-0.092887	-0.096474	-0.088964	-0.081995	-0.093933	-0.092199	-0.096240	-0.079581	-0.094249	-0.088639	-0.085672	-0.081715	-0.081190	-0.115002	-0.117263	-0.114763	-0.079367	-0.077645	-0.077642	-0.090860	-0.091803	-0.094645	-0.119113	-0.120179	-0.120573	-0.124085	-0.124382	-0.123838	-0.122009	-0.133454	-0.125310	0.352396	0.939145	0.347284	0.375278	0.374933	0.372733	0.369348	0.345966	-0.087958	-0.089446	-0.087946	-0.077885	-0.081706	-0.088221	
-0.079638	-0.081836	-0.082324	-0.087844	-0.087147	-0.072566	-0.082630	-0.093231	-0.090491	-0.088977	-0.090109	-0.081672	-0.084462	-0.084868	-0.078987	-0.115234	-0.118186	-0.113302	-0.082940	-0.078074	-0.075033	-0.084088	-0.090021	-0.088213	-0.115066	-0.119612	-0.119359	-0.122364	-0.120073	-0.121758	-0.117361	-0.131435	-0.111722	0.327776	0.347284	0.923833	0.345346	0.333421	0.341952	0.328754	0.339165	-0.079992	-0.081554	-0.085135	-0.073737	-0.086046	-0.076375	
-0.077431	-0.085896	-0.093403	-0.097245	-0.082852	-0.077584	-0.098592	-0.095143	-0.094180	-0.087540	-0.090477	-0.085011	-0.088685	-0.087576	-0.078432	-0.114365	-0.114912	-0.109828	-0.080980	-0.080446	-0.077485	-0.084553	-0.090387	-0.089494	-0.115061	-0.118142	-0.119783	-0.125672	-0.117815	-0.124354	-0.124698	-0.127604	-0.117282	0.337396	0.375278	0.345346	0.956248	0.351397	0.369824	0.345304	0.348712	-0.090471	-0.091015	-0.090153	-0.079443	-0.082699	-0.083301	
-0.087756	-0.084175	-0.092492	-0.087380	-0.082653	-0.078156	-0.094962	-0.086242	-0.094071	-0.087707	-0.094615	-0.085348	-0.079360	-0.071622	-0.083470	-0.115814	-0.120498	-0.110822	-0.080077	-0.082133	-0.083475	-0.080359	-0.088333	-0.086084	-0.118436	-0.112779	-0.118046	-0.123706	-0.128077	-0.122936	-0.127085	-0.133338	-0.120830	0.345978	0.374933	0.333421	0.351397	0.940417	0.366721	0.344806	0.338383	-0.087104	-0.088517	-0.087605	-0.087802	-0.084530	-0.081291	
-0.091867	-0.086717	-0.095503	-0.093143	-0.089213	-0.079976	-0.095315	-0.099993	-0.096768	-0.084372	-0.090092	-0.084246	-0.079338	-0.075847	-0.081169	-0.119330	-0.115996	-0.110090	-0.079022	-0.082266	-0.084874	-0.090698	-0.092714	-0.092315	-0.121300	-0.121253	-0.116546	-0.125588	-0.122561	-0.123524	-0.126244	-0.129280	-0.124472	0.343699	0.372733	0.341952	0.369824	0.366721	0.936466	0.345875	0.351578	-0.079263	-0.080117	-0.083918	-0.075210	-0.078640	-0.080769	
-0.076894	-0.081845	-0.094342	-0.090116	-0.084526	-0.080029	-0.092280	-0.092043	-0.090689	-0.080667	-0.080304	-0.077411	-0.075542	-0.075439	-0.081910	-0.115791	-0.112228	-0.116447	-0.083736	-0.073886	-0.085007	-0.089314	-0.086445	-0.086771	-0.110380	-0.114619	-0.117017	-0.123443	-0.125653	-0.120743	-0.123223	-0.125078	-0.116386	0.332365	0.369348	0.328754	0.345304	0.344806	0.345875	0.934900	0.338917	-0.079069	-0.088048	-0.084551	-0.083017	-0.082981	-0.086095	
-0.065237	-0.081268	-0.086403	-0.093380	-0.086697	-0.073804	-0.094094	-0.088643	-0.094400	-0.075776	-0.076979	-0.071929	-0.079001	-0.077176	-0.076899	-0.115175	-0.116675	-0.115471	-0.085289	-0.086234	-0.079189	-0.076815	-0.083922	-0.088395	-0.116527	-0.120539	-0.118684	-0.126337	-0.122967	-0.122597	-0.124076	-0.134341	-0.120928	0.335228	0.345966	0.339165	0.348712	0.338383	0.351578	0.338917	0.945285	-0.085108	-0.082165	-0.087602	-0.075283	-0.088419	-0.087910	
-0.033039	0.003115	-0.051434	-0.025713	-0.032944	-0.024028	-0.053433	-0.050253	-0.051262	-0.026820	-0.026164	-0.024491	-0.025736	-0.037274	-0.027737	-0.061431	-0.062637	-0.060369	-0.019378	-0.024516	-0.028776	-0.038945	-0.038900	-0.033010	-0.062327	-0.070373	-0.063483	-0.075925	-0.068267	-0.072954	-0.068626	-0.073286	-0.068803	-0.073786	-0.087958	-0.079992	-0.090471	-0.087104	-0.079263	-0.079069	-0.085108	1.021121	0.484813	0.483244	-0.027447	-0.025463	-0.019316	
-0.042467	0.000252	-0.049281	-0.036414	-0.035740	-0.031923	-0.048924	-0.044838	-0.049775	-0.035789	-0.040862	-0.035674	-0.023919	-0.028361	-0.023510	-0.058071	-0.063288	-0.066571	-0.013206	-0.010692	-0.025103	-0.025917	-0.035265	-0.008156	-0.066170	-0.072336	-0.069697	-0.071228	-0.067319	-0.069542	-0.063224	-0.070527	-0.064674	-0.080887	-0.089446	-0.081554	-0.091015	-0.088517	-0.080117	-0.088048	-0.082165	0.484813	1.024413	0.490589	-0.034984	-0.026120	-0.022770	
-0.041988	-0.006727	-0.049549	-0.026090	-0.030786	-0.029570	-0.044582	-0.040821	-0.052849	-0.020817	-0.023853	-0.024757	-0.030420	-0.029048	-0.019669	-0.062436	-0.067009	-0.069922	-0.009341	-0.019223	-0.015671	-0.030573	-0.029552	-0.023300	-0.063820	-0.069449	-0.079613	-0.066223	-0.064658	-0.068519	-0.060262	-0.062160	-0.068113	-0.087428	-0.087946	-0.085135	-0.090153	-0.087605	-0.083918	-0.084551	-0.087602	0.483244	0.490589	1.013030	-0.029683	-0.024653	-0.026036	
-0.040944	-0.008937	-0.034792	-0.031150	-0.029547	-0.026974	-0.044368	-0.037747	-0.034619	-0.019931	-0.029872	-0.026915	-0.039185	-0.033350	-0.031678	-0.061080	-0.069112	-0.068906	-0.011412	-0.011625	-0.015367	-0.027144	-0.023951	-0.023563	0.044812	-0.066624	-0.059065	-0.068277	-0.064977	-0.064526	-0.056283	-0.062057	-0.063139	-0.077197	-0.077885	-0.073737	-0.079443	-0.087802	-0.075210	-0.083017	-0.075283	-0.027447	-0.034984	-0.029683	0.987025	0.466484	0.432295	
-0.053383	-0.018337	-0.029942	-0.028227	-0.026923	-0.031106	-0.033023	-0.033584	-0.030379	-0.028255	-0.033034	-0.031497	-0.024139	-0.031099	-0.032730	-0.059637	-0.066474	-0.059689	-0.006356	-0.015431	-0.014132	-0.023678	-0.028107	-0.034186	0.047493	-0.051631	-0.055501	-0.071222	-0.065995	-0.064209	-0.057051	-0.064701	-0.064330	-0.075631	-0.081706	-0.086046	-0.082699	-0.084530	-0.078640	-0.082981	-0.088419	-0.025463	-0.026120	-0.024653	0.466484	0.985443	0.440332	
-0.057695	-0.005528	-0.036119	-0.021373	-0.022849	-0.022614	-0.034924	-0.035705	-0.036268	-0.024674	-0.043912	-0.040024	-0.020608	-0.033711	-0.022351	-0.056439	-0.064380	-0.056688	-0.012817	-0.021840	-0.016346	-0.027917	-0.023453	-0.021467	0.054180	-0.057032	-0.054975	-0.077305	-0.070087	-0.077229	-0.067006	-0.076251	-0.073273	-0.079718	-0.088221	-0.076375	-0.083301	-0.081291	-0.080769	-0.086095	-0.087910	-0.019316	-0.022770	-0.026036	0.432295	0.440332	0.972515	
