0.000000	0.283309	0.279288	0.280609	0.283276	0.270936	0.283275	0.289068	0.282912	0.138552	0.133772	0.140142	0.266197	0.287226	0.286454	0.291493	0.286298	0.289898	0.284798	0.285027	0.274028	0.279236	0.280790	0.281808	0.279188	0.289908	0.290780	0.290300	0.294908	0.289575	0.288423	0.286862	0.284872	0.280588	0.296791	0.291504	0.288555	0.293608	0.297478	0.288042	0.281429	0.275682	0.279579	0.278981	0.279880	0.282512	0.280938	
0.283309	0.000000	0.289988	0.280510	0.279061	0.277394	0.293162	0.293100	0.294855	0.291376	0.288554	0.288802	0.281037	0.286612	0.285808	0.283820	0.288506	0.286361	0.291587	0.287043	0.291583	0.292210	0.287063	0.284801	0.285036	0.289989	0.286371	0.301505	0.299466	0.296920	0.304400	0.298512	0.296298	0.305729	0.310975	0.303800	0.309097	0.308082	0.309556	0.305257	0.305492	0.285411	0.283970	0.288857	0.285565	0.289733	0.283711	
0.279288	0.289988	0.000000	0.278088	0.276529	0.277962	0.132609	0.132438	0.132323	0.275096	0.273441	0.271861	0.277851	0.279327	0.282764	0.289078	0.290699	0.292908	0.282273	0.279829	0.281047	0.284804	0.281287	0.279869	0.289021	0.293126	0.291118	0.294220	0.295917	0.293753	0.297535	0.293981	0.293884	0.295762	0.298258	0.291078	0.298481	0.296391	0.297900	0.296687	0.293345	0.282269	0.282542	0.284692	0.277817	0.276017	0.275603	
0.280609	0.280510	0.278088	0.000000	0.122806	0.132322	0.275351	0.279171	0.279202	0.276152	0.274259	0.276128	0.265948	0.269963	0.266975	0.281046	0.281461	0.281811	0.274359	0.269171	0.269762	0.272922	0.269062	0.269863	0.280882	0.280548	0.278243	0.286541	0.285802	0.282527	0.288700	0.281974	0.282565	0.293308	0.296174	0.288916	0.297335	0.292095	0.296046	0.292033	0.294020	0.274030	0.277552	0.275603	0.275647	0.274862	0.268592	
0.283276	0.279061	0.276529	0.122806	0.000000	0.132826	0.275859	0.278569	0.278908	0.280390	0.272485	0.275010	0.266576	0.267553	0.268688	0.279762	0.281180	0.281396	0.278479	0.273076	0.272290	0.275920	0.272029	0.267204	0.278488	0.281025	0.279108	0.286320	0.287894	0.281687	0.287230	0.279232	0.282780	0.288999	0.294936	0.287819	0.291581	0.289459	0.293196	0.290120	0.290298	0.273536	0.275127	0.275407	0.274723	0.273624	0.269999	
0.270936	0.277394	0.277962	0.132322	0.132826	0.000000	0.276419	0.277397	0.278692	0.271542	0.269168	0.271625	0.267807	0.269033	0.268961	0.281727	0.281092	0.283828	0.275053	0.272134	0.270758	0.270733	0.271211	0.264964	0.279951	0.282913	0.283096	0.284999	0.284214	0.284020	0.286727	0.280140	0.282770	0.287769	0.291873	0.284299	0.290482	0.287627	0.290365	0.288533	0.287006	0.272123	0.274033	0.274639	0.272373	0.272667	0.266930	
0.283275	0.293162	0.132609	0.275351	0.275859	0.276419	0.000000	0.129102	0.129790	0.283220	0.282038	0.283046	0.277549	0.279110	0.280236	0.289744	0.295202	0.296604	0.280284	0.280025	0.279312	0.283339	0.281490	0.280392	0.291101	0.293613	0.293143	0.297223	0.297680	0.297111	0.300653	0.295272	0.297982	0.295185	0.300290	0.291884	0.301243	0.297630	0.299072	0.295704	0.297069	0.285985	0.284668	0.285675	0.281332	0.278753	0.275722	
0.289068	0.293100	0.132438	0.279171	0.278569	0.277397	0.129102	0.000000	0.126059	0.283344	0.279657	0.277624	0.277107	0.277596	0.279629	0.291948	0.295193	0.295633	0.282092	0.278563	0.281370	0.282595	0.279357	0.282839	0.290772	0.295515	0.292539	0.293598	0.294830	0.293923	0.296459	0.293481	0.293699	0.297051	0.298727	0.295350	0.299558	0.294636	0.300315	0.296213	0.294675	0.283177	0.282358	0.283027	0.279869	0.276800	0.275047	
0.282912	0.294855	0.132323	0.279202	0.278908	0.278692	0.129790	0.126059	0.000000	0.282266	0.279078	0.278828	0.278609	0.279471	0.280921	0.293012	0.294476	0.295162	0.284039	0.282666	0.281579	0.283855	0.280882	0.279120	0.290324	0.294287	0.293270	0.296265	0.296451	0.295470	0.300476	0.296809	0.296779	0.297499	0.300313	0.294439	0.299264	0.297173	0.300128	0.296275	0.296550	0.284179	0.284665	0.286587	0.279687	0.276738	0.277023	
0.138552	0.291376	0.275096	0.276152	0.280390	0.271542	0.283220	0.283344	0.282266	0.000000	0.123285	0.125815	0.274472	0.278928	0.277879	0.287171	0.290414	0.293645	0.285222	0.283081	0.284650	0.282402	0.281071	0.281791	0.290951	0.292792	0.291233	0.298533	0.295570	0.296296	0.297290	0.294483	0.293952	0.293031	0.296570	0.294636	0.297946	0.296702	0.296149	0.294770	0.292057	0.276492	0.280320	0.277607	0.275120	0.279849	0.275203	
0.133772	0.288554	0.273441	0.274259	0.272485	0.269168	0.282038	0.279657	0.279078	0.123285	0.000000	0.122712	0.265814	0.272003	0.272593	0.286309	0.286873	0.292183	0.280902	0.278475	0.277957	0.279614	0.278849	0.275768	0.288401	0.291940	0.287900	0.294827	0.292729	0.290415	0.294756	0.290810	0.288976	0.288329	0.298123	0.292358	0.295934	0.296708	0.295998	0.290126	0.290337	0.273628	0.279765	0.275319	0.275011	0.277507	0.277586	
0.140142	0.288802	0.271861	0.276128	0.275010	0.271625	0.283046	0.277624	0.278828	0.125815	0.122712	0.000000	0.265736	0.275612	0.273541	0.288295	0.288841	0.292732	0.281536	0.278011	0.280573	0.279605	0.279469	0.278659	0.288888	0.290560	0.287350	0.297496	0.295491	0.294124	0.296823	0.293001	0.292327	0.290045	0.296959	0.289179	0.294975	0.292531	0.294961	0.290722	0.288671	0.274062	0.279501	0.276933	0.276213	0.277795	0.278189	
0.266197	0.281037	0.277851	0.265948	0.266576	0.267807	0.277549	0.277107	0.278609	0.274472	0.265814	0.265736	0.000000	0.129129	0.134834	0.283832	0.287028	0.289252	0.269715	0.268298	0.272200	0.279974	0.282178	0.274114	0.286262	0.292954	0.289455	0.291770	0.292169	0.290590	0.294273	0.291710	0.290463	0.285486	0.294981	0.289358	0.293876	0.290065	0.290493	0.287501	0.290096	0.272765	0.273471	0.276459	0.277845	0.273045	0.268247	
0.287226	0.286612	0.279327	0.269963	0.267553	0.269033	0.279110	0.277596	0.279471	0.278928	0.272003	0.275612	0.129129	0.000000	0.125623	0.286824	0.285924	0.290504	0.274218	0.270251	0.272411	0.279347	0.282742	0.275645	0.287470	0.293327	0.289610	0.292639	0.290393	0.286292	0.290179	0.289378	0.290210	0.290497	0.294626	0.291096	0.296036	0.288682	0.291834	0.290097	0.290261	0.278496	0.277265	0.278285	0.278444	0.276880	0.275428	
0.286454	0.285808	0.282764	0.266975	0.268688	0.268961	0.280236	0.279629	0.280921	0.277879	0.272593	0.273541	0.134834	0.125623	0.000000	0.289403	0.289688	0.292516	0.273419	0.271542	0.273772	0.277459	0.278752	0.277018	0.292591	0.294372	0.291952	0.293991	0.291858	0.292118	0.293444	0.291249	0.289619	0.289737	0.294978	0.290105	0.294424	0.292699	0.293646	0.293349	0.291621	0.277872	0.277785	0.277649	0.278765	0.277036	0.272716	
0.291493	0.283820	0.289078	0.281046	0.279762	0.281727	0.289744	0.291948	0.293012	0.287171	0.286309	0.288295	0.283832	0.286824	0.289403	0.000000	0.139106	0.142064	0.283142	0.281071	0.279873	0.289875	0.291690	0.288236	0.174235	0.140588	0.139354	0.303164	0.305329	0.300185	0.302004	0.300981	0.300788	0.306327	0.309082	0.303513	0.308099	0.306367	0.308604	0.306030	0.306192	0.288131	0.287356	0.290626	0.288186	0.287915	0.284338	
0.286298	0.288506	0.290699	0.281461	0.281180	0.281092	0.295202	0.295193	0.294476	0.290414	0.286873	0.288841	0.287028	0.285924	0.289688	0.139106	0.000000	0.133587	0.294443	0.290376	0.291791	0.291253	0.289135	0.288069	0.168948	0.131440	0.135707	0.306171	0.307004	0.304754	0.305780	0.303077	0.303363	0.308263	0.309207	0.307251	0.309597	0.308683	0.306791	0.305321	0.307041	0.288934	0.288861	0.292213	0.291386	0.291657	0.288837	
0.289898	0.286361	0.292908	0.281811	0.281396	0.283828	0.296604	0.295633	0.295162	0.293645	0.292183	0.292732	0.289252	0.290504	0.292516	0.142064	0.133587	0.000000	0.293416	0.289233	0.289393	0.290980	0.292547	0.289842	0.169564	0.134956	0.132576	0.305577	0.304777	0.300915	0.304604	0.300875	0.303718	0.307535	0.310129	0.305906	0.308295	0.306756	0.307038	0.309002	0.307540	0.290923	0.292989	0.295664	0.293551	0.289298	0.285760	
0.284798	0.291587	0.282273	0.274359	0.278479	0.275053	0.280284	0.282092	0.284039	0.285222	0.280902	0.281536	0.269715	0.274218	0.273419	0.283142	0.294443	0.293416	0.000000	0.122227	0.123513	0.280737	0.279303	0.279532	0.291600	0.294630	0.296128	0.296413	0.294673	0.292236	0.294895	0.295248	0.293273	0.295246	0.295023	0.291592	0.295519	0.291745	0.292967	0.293853	0.294601	0.274933	0.273443	0.274982	0.272014	0.271567	0.271841	
0.285027	0.287043	0.279829	0.269171	0.273076	0.272134	0.280025	0.278563	0.282666	0.283081	0.278475	0.278011	0.268298	0.270251	0.271542	0.281071	0.290376	0.289233	0.122227	0.000000	0.123803	0.277975	0.277816	0.274210	0.285305	0.290412	0.292418	0.293711	0.292749	0.290558	0.294275	0.289177	0.291315	0.290846	0.292136	0.287612	0.292682	0.291205	0.292301	0.289340	0.292760	0.273488	0.269742	0.274130	0.269645	0.269578	0.269213	
0.274028	0.291583	0.281047	0.269762	0.272290	0.270758	0.279312	0.281370	0.281579	0.284650	0.277957	0.280573	0.272200	0.272411	0.273772	0.279873	0.291791	0.289393	0.123513	0.123803	0.000000	0.280038	0.279847	0.276889	0.286169	0.290486	0.290751	0.294252	0.291732	0.290877	0.294060	0.290506	0.288906	0.290272	0.291527	0.286191	0.290982	0.290621	0.292246	0.291584	0.290056	0.274573	0.274288	0.274723	0.270109	0.270280	0.268192	
0.279236	0.292210	0.284804	0.272922	0.275920	0.270733	0.283339	0.282595	0.283855	0.282402	0.279614	0.279605	0.279974	0.279347	0.277459	0.289875	0.291253	0.290980	0.280737	0.277975	0.280038	0.000000	0.121470	0.124266	0.281738	0.293044	0.289407	0.292519	0.288846	0.287624	0.291592	0.290152	0.285194	0.292925	0.299661	0.293800	0.297432	0.293228	0.298249	0.296155	0.293250	0.281263	0.278549	0.280237	0.277096	0.276830	0.274870	
0.280790	0.287063	0.281287	0.269062	0.272029	0.271211	0.281490	0.279357	0.280882	0.281071	0.278849	0.279469	0.282178	0.282742	0.278752	0.291690	0.289135	0.292547	0.279303	0.277816	0.279847	0.121470	0.000000	0.126317	0.284973	0.294766	0.290289	0.291015	0.287759	0.287099	0.289561	0.285830	0.283106	0.296192	0.300243	0.296037	0.299646	0.296175	0.298918	0.295940	0.295269	0.280726	0.280330	0.279294	0.274985	0.275986	0.273619	
0.281808	0.284801	0.279869	0.269863	0.267204	0.264964	0.280392	0.282839	0.279120	0.281791	0.275768	0.278659	0.274114	0.275645	0.277018	0.288236	0.288069	0.289842	0.279532	0.274210	0.276889	0.124266	0.126317	0.000000	0.282129	0.291786	0.287391	0.287955	0.287679	0.284186	0.288491	0.286496	0.280262	0.292378	0.298611	0.292292	0.295747	0.293187	0.295981	0.292510	0.292288	0.276740	0.272155	0.275428	0.272638	0.276126	0.270667	
0.279188	0.285036	0.289021	0.280882	0.278488	0.279951	0.291101	0.290772	0.290324	0.290951	0.288401	0.288888	0.286262	0.287470	0.292591	0.174235	0.168948	0.169564	0.291600	0.285305	0.286169	0.281738	0.284973	0.282129	0.000000	0.168846	0.167081	0.305861	0.308316	0.302864	0.304317	0.300682	0.303394	0.303467	0.309891	0.305353	0.306845	0.305733	0.309421	0.303135	0.306825	0.288487	0.290249	0.290764	0.255898	0.254041	0.249097	
0.289908	0.289989	0.293126	0.280548	0.281025	0.282913	0.293613	0.295515	0.294287	0.292792	0.291940	0.290560	0.292954	0.293327	0.294372	0.140588	0.131440	0.134956	0.294630	0.290412	0.290486	0.293044	0.294766	0.291786	0.168846	0.000000	0.138511	0.311670	0.305881	0.302832	0.306604	0.303981	0.305478	0.310438	0.311827	0.308038	0.311731	0.308384	0.311206	0.309045	0.310495	0.294085	0.295354	0.295515	0.292677	0.287429	0.286781	
0.290780	0.286371	0.291118	0.278243	0.279108	0.283096	0.293143	0.292539	0.293270	0.291233	0.287900	0.287350	0.289455	0.289610	0.291952	0.139354	0.135707	0.132576	0.296128	0.292418	0.290751	0.289407	0.290289	0.287391	0.167081	0.138511	0.000000	0.302516	0.305952	0.304509	0.305641	0.301387	0.303744	0.305156	0.311160	0.305784	0.309601	0.306950	0.308621	0.306415	0.307792	0.289309	0.292965	0.297123	0.290026	0.286737	0.283470	
0.290300	0.301505	0.294220	0.286541	0.286320	0.284999	0.297223	0.293598	0.296265	0.298533	0.294827	0.297496	0.291770	0.292639	0.293991	0.303164	0.306171	0.305577	0.296413	0.293711	0.294252	0.292519	0.291015	0.287955	0.305861	0.311670	0.302516	0.000000	0.136368	0.139141	0.135079	0.137414	0.142102	0.309985	0.314059	0.310359	0.315071	0.312616	0.314944	0.311871	0.312474	0.297603	0.295366	0.294479	0.293187	0.295437	0.295297	
0.294908	0.299466	0.295917	0.285802	0.287894	0.284214	0.297680	0.294830	0.296451	0.295570	0.292729	0.295491	0.292169	0.290393	0.291858	0.305329	0.307004	0.304777	0.294673	0.292749	0.291732	0.288846	0.287759	0.287679	0.308316	0.305881	0.305952	0.136368	0.000000	0.137194	0.137675	0.136249	0.147493	0.309764	0.314815	0.309050	0.312545	0.314357	0.312333	0.313205	0.311390	0.293077	0.293500	0.293672	0.291437	0.292805	0.291696	
0.289575	0.296920	0.293753	0.282527	0.281687	0.284020	0.297111	0.293923	0.295470	0.296296	0.290415	0.294124	0.290590	0.286292	0.292118	0.300185	0.304754	0.300915	0.292236	0.290558	0.290877	0.287624	0.287099	0.284186	0.302864	0.302832	0.304509	0.139141	0.137194	0.000000	0.138078	0.135785	0.140482	0.305659	0.312257	0.306736	0.310902	0.309367	0.310306	0.308213	0.308300	0.292381	0.291350	0.292210	0.289635	0.289135	0.291476	
0.288423	0.304400	0.297535	0.288700	0.287230	0.286727	0.300653	0.296459	0.300476	0.297290	0.294756	0.296823	0.294273	0.290179	0.293444	0.302004	0.305780	0.304604	0.294895	0.294275	0.294060	0.291592	0.289561	0.288491	0.304317	0.306604	0.305641	0.135079	0.137675	0.138078	0.000000	0.139754	0.143048	0.309612	0.314127	0.308842	0.314761	0.313668	0.314446	0.312131	0.311442	0.294628	0.291877	0.292027	0.290005	0.290058	0.291082	
0.286862	0.298512	0.293981	0.281974	0.279232	0.280140	0.295272	0.293481	0.296809	0.294483	0.290810	0.293001	0.291710	0.289378	0.291249	0.300981	0.303077	0.300875	0.295248	0.289177	0.290506	0.290152	0.285830	0.286496	0.300682	0.303981	0.301387	0.137414	0.136249	0.135785	0.139754	0.000000	0.142213	0.310444	0.316939	0.312317	0.314085	0.315454	0.313595	0.311142	0.314559	0.292396	0.293133	0.289094	0.289469	0.289783	0.293988	
0.284872	0.296298	0.293884	0.282565	0.282780	0.282770	0.297982	0.293699	0.296779	0.293952	0.288976	0.292327	0.290463	0.290210	0.289619	0.300788	0.303363	0.303718	0.293273	0.291315	0.288906	0.285194	0.283106	0.280262	0.303394	0.305478	0.303744	0.142102	0.147493	0.140482	0.143048	0.142213	0.000000	0.305665	0.313337	0.303781	0.309976	0.309761	0.309605	0.308064	0.308207	0.289361	0.289613	0.291667	0.287140	0.288988	0.289364	
0.280588	0.305729	0.295762	0.293308	0.288999	0.287769	0.295185	0.297051	0.297499	0.293031	0.288329	0.290045	0.285486	0.290497	0.289737	0.306327	0.308263	0.307535	0.295246	0.290846	0.290272	0.292925	0.296192	0.292378	0.303467	0.310438	0.305156	0.309985	0.309764	0.305659	0.309612	0.310444	0.305665	0.000000	0.145279	0.144529	0.149202	0.144114	0.144757	0.147165	0.146639	0.288366	0.292430	0.295028	0.288647	0.289528	0.288851	
0.296791	0.310975	0.298258	0.296174	0.294936	0.291873	0.300290	0.298727	0.300313	0.296570	0.298123	0.296959	0.294981	0.294626	0.294978	0.309082	0.309207	0.310129	0.295023	0.292136	0.291527	0.299661	0.300243	0.298611	0.309891	0.311827	0.311160	0.314059	0.314815	0.312257	0.314127	0.316939	0.313337	0.145279	0.000000	0.142609	0.141546	0.137850	0.141575	0.140998	0.147899	0.296886	0.297974	0.298272	0.292536	0.294405	0.294176	
0.291504	0.303800	0.291078	0.288916	0.287819	0.284299	0.291884	0.295350	0.294439	0.294636	0.292358	0.289179	0.289358	0.291096	0.290105	0.303513	0.307251	0.305906	0.291592	0.287612	0.286191	0.293800	0.296037	0.292292	0.305353	0.308038	0.305784	0.310359	0.309050	0.306736	0.308842	0.312317	0.303781	0.144529	0.142609	0.000000	0.142798	0.144058	0.144597	0.145809	0.145100	0.289545	0.290868	0.293672	0.287503	0.290137	0.286745	
0.288555	0.309097	0.298481	0.297335	0.291581	0.290482	0.301243	0.299558	0.299264	0.297946	0.295934	0.294975	0.293876	0.296036	0.294424	0.308099	0.309597	0.308295	0.295519	0.292682	0.290982	0.297432	0.299646	0.295747	0.306845	0.311731	0.309601	0.315071	0.312545	0.310902	0.314761	0.314085	0.309976	0.149202	0.141546	0.142798	0.000000	0.143898	0.141919	0.148174	0.147647	0.298298	0.298557	0.299355	0.293151	0.295267	0.291426	
0.293608	0.308082	0.296391	0.292095	0.289459	0.287627	0.297630	0.294636	0.297173	0.296702	0.296708	0.292531	0.290065	0.288682	0.292699	0.306367	0.308683	0.306756	0.291745	0.291205	0.290621	0.293228	0.296175	0.293187	0.305733	0.308384	0.306950	0.312616	0.314357	0.309367	0.313668	0.315454	0.309761	0.144114	0.137850	0.144058	0.143898	0.000000	0.139578	0.143456	0.144878	0.294173	0.295694	0.296184	0.292688	0.293579	0.289500	
0.297478	0.309556	0.297900	0.296046	0.293196	0.290365	0.299072	0.300315	0.300128	0.296149	0.295998	0.294961	0.290493	0.291834	0.293646	0.308604	0.306791	0.307038	0.292967	0.292301	0.292246	0.298249	0.298918	0.295981	0.309421	0.311206	0.308621	0.314944	0.312333	0.310306	0.314446	0.313595	0.309605	0.144757	0.141575	0.144597	0.141919	0.139578	0.000000	0.146940	0.144296	0.292046	0.293455	0.296156	0.289582	0.290957	0.290268	
0.288042	0.305257	0.296687	0.292033	0.290120	0.288533	0.295704	0.296213	0.296275	0.294770	0.290126	0.290722	0.287501	0.290097	0.293349	0.306030	0.305321	0.309002	0.293853	0.289340	0.291584	0.296155	0.295940	0.292510	0.303135	0.309045	0.306415	0.311871	0.313205	0.308213	0.312131	0.311142	0.308064	0.147165	0.140998	0.145809	0.148174	0.143456	0.146940	0.000000	0.146720	0.291176	0.294488	0.295483	0.290944	0.291835	0.291431	
0.281429	0.305492	0.293345	0.294020	0.290298	0.287006	0.297069	0.294675	0.296550	0.292057	0.290337	0.288671	0.290096	0.290261	0.291621	0.306192	0.307041	0.307540	0.294601	0.292760	0.290056	0.293250	0.295269	0.292288	0.306825	0.310495	0.307792	0.312474	0.311390	0.308300	0.311442	0.314559	0.308207	0.146639	0.147899	0.145100	0.147647	0.144878	0.144296	0.146720	0.000000	0.294362	0.293003	0.295721	0.289363	0.294543	0.291930	
0.275682	0.285411	0.282269	0.274030	0.273536	0.272123	0.285985	0.283177	0.284179	0.276492	0.273628	0.274062	0.272765	0.278496	0.277872	0.288131	0.288934	0.290923	0.274933	0.273488	0.274573	0.281263	0.280726	0.276740	0.288487	0.294085	0.289309	0.297603	0.293077	0.292381	0.294628	0.292396	0.289361	0.288366	0.296886	0.289545	0.298298	0.294173	0.292046	0.291176	0.294362	0.000000	0.124982	0.124189	0.275296	0.275601	0.271194	
0.279579	0.283970	0.282542	0.277552	0.275127	0.274033	0.284668	0.282358	0.284665	0.280320	0.279765	0.279501	0.273471	0.277265	0.277785	0.287356	0.288861	0.292989	0.273443	0.269742	0.274288	0.278549	0.280330	0.272155	0.290249	0.295354	0.292965	0.295366	0.293500	0.291350	0.291877	0.293133	0.289613	0.292430	0.297974	0.290868	0.298557	0.295694	0.293455	0.294488	0.293003	0.124982	0.000000	0.125000	0.279134	0.276371	0.271314	
0.278981	0.288857	0.284692	0.275603	0.275407	0.274639	0.285675	0.283027	0.286587	0.277607	0.275319	0.276933	0.276459	0.278285	0.277649	0.290626	0.292213	0.295664	0.274982	0.274130	0.274723	0.280237	0.279294	0.275428	0.290764	0.295515	0.297123	0.294479	0.293672	0.292210	0.292027	0.289094	0.291667	0.295028	0.298272	0.293672	0.299355	0.296184	0.296156	0.295483	0.295721	0.124189	0.125000	0.000000	0.279083	0.277362	0.275112	
0.279880	0.285565	0.277817	0.275647	0.274723	0.272373	0.281332	0.279869	0.279687	0.275120	0.275011	0.276213	0.277845	0.278444	0.278765	0.288186	0.291386	0.293551	0.272014	0.269645	0.270109	0.277096	0.274985	0.272638	0.255898	0.292677	0.290026	0.293187	0.291437	0.289635	0.290005	0.289469	0.287140	0.288647	0.292536	0.287503	0.293151	0.292688	0.289582	0.290944	0.289363	0.275296	0.279134	0.279083	0.000000	0.127647	0.129741	
0.282512	0.289733	0.276017	0.274862	0.273624	0.272667	0.278753	0.276800	0.276738	0.279849	0.277507	0.277795	0.273045	0.276880	0.277036	0.287915	0.291657	0.289298	0.271567	0.269578	0.270280	0.276830	0.275986	0.276126	0.254041	0.287429	0.286737	0.295437	0.292805	0.289135	0.290058	0.289783	0.288988	0.289528	0.294405	0.290137	0.295267	0.293579	0.290957	0.291835	0.294543	0.275601	0.276371	0.277362	0.127647	0.000000	0.129422	
0.280938	0.283711	0.275603	0.268592	0.269999	0.266930	0.275722	0.275047	0.277023	0.275203	0.277586	0.278189	0.268247	0.275428	0.272716	0.284338	0.288837	0.285760	0.271841	0.269213	0.268192	0.274870	0.273619	0.270667	0.249097	0.286781	0.283470	0.295297	0.291696	0.291476	0.291082	0.293988	0.289364	0.288851	0.294176	0.286745	0.291426	0.289500	0.290268	0.291431	0.291930	0.271194	0.271314	0.275112	0.129741	0.129422	0.000000	
